# [1] = year, [2] = month, [3] = day, [4] = lunar phase,
# [5] = label (1 = full, 2 = new), 
# [6] = day of week (1 = monday, 7 = sunday) 
# 
# calculated in PST using the pyephem package.
# 
2035	1	1	0.710345	0	1
2035	1	2	0.743921	0	2
2035	1	3	0.777496	0	3
2035	1	4	0.811071	0	4
2035	1	5	0.844647	0	5
2035	1	6	0.878222	0	6
2035	1	7	0.911797	0	7
2035	1	8	0.945372	0	1
2035	1	9	0.978948	2	2
2035	1	10	0.012549	0	3
2035	1	11	0.046195	0	4
2035	1	12	0.079840	0	5
2035	1	13	0.113486	0	6
2035	1	14	0.147132	0	7
2035	1	15	0.180777	0	1
2035	1	16	0.214423	0	2
2035	1	17	0.248069	0	3
2035	1	18	0.281714	0	4
2035	1	19	0.315360	0	5
2035	1	20	0.349005	0	6
2035	1	21	0.382651	0	7
2035	1	22	0.416297	0	1
2035	1	23	0.449942	1	2
2035	1	24	0.483588	0	3
2035	1	25	0.517234	0	4
2035	1	26	0.550879	0	5
2035	1	27	0.584525	0	6
2035	1	28	0.618170	0	7
2035	1	29	0.651816	0	1
2035	1	30	0.685462	0	2
2035	1	31	0.719107	0	3
2035	2	1	0.752753	0	4
2035	2	2	0.786399	0	5
2035	2	3	0.820044	0	6
2035	2	4	0.853690	0	7
2035	2	5	0.887335	0	1
2035	2	6	0.920981	0	2
2035	2	7	0.954627	0	3
2035	2	8	0.988272	2	4
2035	2	9	0.021996	0	5
2035	2	10	0.055761	0	6
2035	2	11	0.089527	0	7
2035	2	12	0.123292	0	1
2035	2	13	0.157057	0	2
2035	2	14	0.190822	0	3
2035	2	15	0.224588	0	4
2035	2	16	0.258353	0	5
2035	2	17	0.292118	0	6
2035	2	18	0.325884	0	7
2035	2	19	0.359649	0	1
2035	2	20	0.393414	0	2
2035	2	21	0.427179	0	3
2035	2	22	0.460945	1	4
2035	2	23	0.494710	0	5
2035	2	24	0.528475	0	6
2035	2	25	0.562241	0	7
2035	2	26	0.596006	0	1
2035	2	27	0.629771	0	2
2035	2	28	0.663537	0	3
2035	3	1	0.697302	0	4
2035	3	2	0.731067	0	5
2035	3	3	0.764832	0	6
2035	3	4	0.798598	0	7
2035	3	5	0.832363	0	1
2035	3	6	0.866128	0	2
2035	3	7	0.899894	0	3
2035	3	8	0.933659	0	4
2035	3	9	0.967424	2	5
2035	3	10	0.001195	0	6
2035	3	11	0.035102	0	7
2035	3	12	0.069010	0	1
2035	3	13	0.102917	0	2
2035	3	14	0.136825	0	3
2035	3	15	0.170733	0	4
2035	3	16	0.204640	0	5
2035	3	17	0.238548	0	6
2035	3	18	0.272455	0	7
2035	3	19	0.306363	0	1
2035	3	20	0.340271	0	2
2035	3	21	0.374178	0	3
2035	3	22	0.408086	0	4
2035	3	23	0.441994	1	5
2035	3	24	0.475901	0	6
2035	3	25	0.509809	0	7
2035	3	26	0.543716	0	1
2035	3	27	0.577624	0	2
2035	3	28	0.611532	0	3
2035	3	29	0.645439	0	4
2035	3	30	0.679347	0	5
2035	3	31	0.713254	0	6
2035	4	1	0.747162	0	7
2035	4	2	0.781070	0	1
2035	4	3	0.814977	0	2
2035	4	4	0.848885	0	3
2035	4	5	0.882793	0	4
2035	4	6	0.916700	0	5
2035	4	7	0.950608	0	6
2035	4	8	0.984515	2	7
2035	4	9	0.018494	0	1
2035	4	10	0.052531	0	2
2035	4	11	0.086569	0	3
2035	4	12	0.120607	0	4
2035	4	13	0.154644	0	5
2035	4	14	0.188682	0	6
2035	4	15	0.222720	0	7
2035	4	16	0.256757	0	1
2035	4	17	0.290795	0	2
2035	4	18	0.324832	0	3
2035	4	19	0.358870	0	4
2035	4	20	0.392908	0	5
2035	4	21	0.426945	0	6
2035	4	22	0.460983	1	7
2035	4	23	0.495021	0	1
2035	4	24	0.529058	0	2
2035	4	25	0.563096	0	3
2035	4	26	0.597134	0	4
2035	4	27	0.631171	0	5
2035	4	28	0.665209	0	6
2035	4	29	0.699247	0	7
2035	4	30	0.733284	0	1
2035	5	1	0.767322	0	2
2035	5	2	0.801360	0	3
2035	5	3	0.835397	0	4
2035	5	4	0.869435	0	5
2035	5	5	0.903473	0	6
2035	5	6	0.937510	0	7
2035	5	7	0.971548	2	1
2035	5	8	0.005600	0	2
2035	5	9	0.039726	0	3
2035	5	10	0.073852	0	4
2035	5	11	0.107977	0	5
2035	5	12	0.142103	0	6
2035	5	13	0.176229	0	7
2035	5	14	0.210355	0	1
2035	5	15	0.244481	0	2
2035	5	16	0.278606	0	3
2035	5	17	0.312732	0	4
2035	5	18	0.346858	0	5
2035	5	19	0.380984	0	6
2035	5	20	0.415110	0	7
2035	5	21	0.449235	1	1
2035	5	22	0.483361	0	2
2035	5	23	0.517487	0	3
2035	5	24	0.551613	0	4
2035	5	25	0.585739	0	5
2035	5	26	0.619864	0	6
2035	5	27	0.653990	0	7
2035	5	28	0.688116	0	1
2035	5	29	0.722242	0	2
2035	5	30	0.756368	0	3
2035	5	31	0.790493	0	4
2035	6	1	0.824619	0	5
2035	6	2	0.858745	0	6
2035	6	3	0.892871	0	7
2035	6	4	0.926997	0	1
2035	6	5	0.961123	2	2
2035	6	6	0.995248	0	3
2035	6	7	0.029401	0	4
2035	6	8	0.063557	0	5
2035	6	9	0.097714	0	6
2035	6	10	0.131871	0	7
2035	6	11	0.166028	0	1
2035	6	12	0.200184	0	2
2035	6	13	0.234341	0	3
2035	6	14	0.268498	0	4
2035	6	15	0.302655	0	5
2035	6	16	0.336811	0	6
2035	6	17	0.370968	0	7
2035	6	18	0.405125	0	1
2035	6	19	0.439282	0	2
2035	6	20	0.473438	1	3
2035	6	21	0.507595	0	4
2035	6	22	0.541752	0	5
2035	6	23	0.575908	0	6
2035	6	24	0.610065	0	7
2035	6	25	0.644222	0	1
2035	6	26	0.678379	0	2
2035	6	27	0.712535	0	3
2035	6	28	0.746692	0	4
2035	6	29	0.780849	0	5
2035	6	30	0.815006	0	6
2035	7	1	0.849162	0	7
2035	7	2	0.883319	0	1
2035	7	3	0.917476	0	2
2035	7	4	0.951633	0	3
2035	7	5	0.985789	2	4
2035	7	6	0.019930	0	5
2035	7	7	0.054059	0	6
2035	7	8	0.088189	0	7
2035	7	9	0.122318	0	1
2035	7	10	0.156447	0	2
2035	7	11	0.190577	0	3
2035	7	12	0.224706	0	4
2035	7	13	0.258835	0	5
2035	7	14	0.292964	0	6
2035	7	15	0.327094	0	7
2035	7	16	0.361223	0	1
2035	7	17	0.395352	0	2
2035	7	18	0.429482	0	3
2035	7	19	0.463611	0	4
2035	7	20	0.497740	1	5
2035	7	21	0.531870	0	6
2035	7	22	0.565999	0	7
2035	7	23	0.600128	0	1
2035	7	24	0.634257	0	2
2035	7	25	0.668387	0	3
2035	7	26	0.702516	0	4
2035	7	27	0.736645	0	5
2035	7	28	0.770775	0	6
2035	7	29	0.804904	0	7
2035	7	30	0.839033	0	1
2035	7	31	0.873163	0	2
2035	8	1	0.907292	0	3
2035	8	2	0.941421	0	4
2035	8	3	0.975550	2	5
2035	8	4	0.009658	0	6
2035	8	5	0.043710	0	7
2035	8	6	0.077763	0	1
2035	8	7	0.111815	0	2
2035	8	8	0.145868	0	3
2035	8	9	0.179920	0	4
2035	8	10	0.213972	0	5
2035	8	11	0.248025	0	6
2035	8	12	0.282077	0	7
2035	8	13	0.316130	0	1
2035	8	14	0.350182	0	2
2035	8	15	0.384235	0	3
2035	8	16	0.418287	0	4
2035	8	17	0.452339	0	5
2035	8	18	0.486392	1	6
2035	8	19	0.520444	0	7
2035	8	20	0.554497	0	1
2035	8	21	0.588549	0	2
2035	8	22	0.622602	0	3
2035	8	23	0.656654	0	4
2035	8	24	0.690706	0	5
2035	8	25	0.724759	0	6
2035	8	26	0.758811	0	7
2035	8	27	0.792864	0	1
2035	8	28	0.826916	0	2
2035	8	29	0.860969	0	3
2035	8	30	0.895021	0	4
2035	8	31	0.929073	0	5
2035	9	1	0.963126	2	6
2035	9	2	0.997178	0	7
2035	9	3	0.031128	0	1
2035	9	4	0.065068	0	2
2035	9	5	0.099009	0	3
2035	9	6	0.132949	0	4
2035	9	7	0.166890	0	5
2035	9	8	0.200830	0	6
2035	9	9	0.234771	0	7
2035	9	10	0.268711	0	1
2035	9	11	0.302651	0	2
2035	9	12	0.336592	0	3
2035	9	13	0.370532	0	4
2035	9	14	0.404473	0	5
2035	9	15	0.438413	0	6
2035	9	16	0.472353	0	7
2035	9	17	0.506294	1	1
2035	9	18	0.540234	0	2
2035	9	19	0.574175	0	3
2035	9	20	0.608115	0	4
2035	9	21	0.642056	0	5
2035	9	22	0.675996	0	6
2035	9	23	0.709936	0	7
2035	9	24	0.743877	0	1
2035	9	25	0.777817	0	2
2035	9	26	0.811758	0	3
2035	9	27	0.845698	0	4
2035	9	28	0.879639	0	5
2035	9	29	0.913579	0	6
2035	9	30	0.947519	0	7
2035	10	1	0.981460	2	1
2035	10	2	0.015341	0	2
2035	10	3	0.049150	0	3
2035	10	4	0.082959	0	4
2035	10	5	0.116768	0	5
2035	10	6	0.150578	0	6
2035	10	7	0.184387	0	7
2035	10	8	0.218196	0	1
2035	10	9	0.252005	0	2
2035	10	10	0.285815	0	3
2035	10	11	0.319624	0	4
2035	10	12	0.353433	0	5
2035	10	13	0.387242	0	6
2035	10	14	0.421052	0	7
2035	10	15	0.454861	0	1
2035	10	16	0.488670	1	2
2035	10	17	0.522479	0	3
2035	10	18	0.556289	0	4
2035	10	19	0.590098	0	5
2035	10	20	0.623907	0	6
2035	10	21	0.657716	0	7
2035	10	22	0.691526	0	1
2035	10	23	0.725335	0	2
2035	10	24	0.759144	0	3
2035	10	25	0.792953	0	4
2035	10	26	0.826763	0	5
2035	10	27	0.860572	0	6
2035	10	28	0.894381	0	7
2035	10	29	0.928190	0	1
2035	10	30	0.962000	2	2
2035	10	31	0.995809	0	3
2035	11	1	0.029502	0	4
2035	11	2	0.063180	0	5
2035	11	3	0.096857	0	6
2035	11	4	0.130534	0	7
2035	11	5	0.164211	0	1
2035	11	6	0.197888	0	2
2035	11	7	0.231566	0	3
2035	11	8	0.265243	0	4
2035	11	9	0.298920	0	5
2035	11	10	0.332597	0	6
2035	11	11	0.366275	0	7
2035	11	12	0.399952	0	1
2035	11	13	0.433629	0	2
2035	11	14	0.467306	0	3
2035	11	15	0.500983	1	4
2035	11	16	0.534661	0	5
2035	11	17	0.568338	0	6
2035	11	18	0.602015	0	7
2035	11	19	0.635692	0	1
2035	11	20	0.669369	0	2
2035	11	21	0.703047	0	3
2035	11	22	0.736724	0	4
2035	11	23	0.770401	0	5
2035	11	24	0.804078	0	6
2035	11	25	0.837755	0	7
2035	11	26	0.871433	0	1
2035	11	27	0.905110	0	2
2035	11	28	0.938787	0	3
2035	11	29	0.972464	2	4
2035	11	30	0.006122	0	5
2035	12	1	0.039694	0	6
2035	12	2	0.073266	0	7
2035	12	3	0.106837	0	1
2035	12	4	0.140409	0	2
2035	12	5	0.173981	0	3
2035	12	6	0.207552	0	4
2035	12	7	0.241124	0	5
2035	12	8	0.274696	0	6
2035	12	9	0.308267	0	7
2035	12	10	0.341839	0	1
2035	12	11	0.375411	0	2
2035	12	12	0.408982	0	3
2035	12	13	0.442554	0	4
2035	12	14	0.476125	1	5
2035	12	15	0.509697	0	6
2035	12	16	0.543269	0	7
2035	12	17	0.576840	0	1
2035	12	18	0.610412	0	2
2035	12	19	0.643984	0	3
2035	12	20	0.677555	0	4
2035	12	21	0.711127	0	5
2035	12	22	0.744699	0	6
2035	12	23	0.778270	0	7
2035	12	24	0.811842	0	1
2035	12	25	0.845414	0	2
2035	12	26	0.878985	0	3
2035	12	27	0.912557	0	4
2035	12	28	0.946129	0	5
2035	12	29	0.979700	2	6
2035	12	30	0.013256	0	7
2035	12	31	0.046786	0	1
