# [1] = year, [2] = month, [3] = day, [4] = lunar phase,
# [5] = label (1 = full, 2 = new), 
# [6] = day of week (1 = monday, 7 = sunday) 
# 
# calculated in PST using the pyephem package.
# 
2040	1	1	0.553795	0	7
2040	1	2	0.587747	0	1
2040	1	3	0.621699	0	2
2040	1	4	0.655650	0	3
2040	1	5	0.689602	0	4
2040	1	6	0.723554	0	5
2040	1	7	0.757506	0	6
2040	1	8	0.791457	0	7
2040	1	9	0.825409	0	1
2040	1	10	0.859361	0	2
2040	1	11	0.893312	0	3
2040	1	12	0.927264	0	4
2040	1	13	0.961216	2	5
2040	1	14	0.995167	0	6
2040	1	15	0.029115	0	7
2040	1	16	0.063062	0	1
2040	1	17	0.097009	0	2
2040	1	18	0.130956	0	3
2040	1	19	0.164903	0	4
2040	1	20	0.198849	0	5
2040	1	21	0.232796	0	6
2040	1	22	0.266743	0	7
2040	1	23	0.300690	0	1
2040	1	24	0.334637	0	2
2040	1	25	0.368584	0	3
2040	1	26	0.402531	0	4
2040	1	27	0.436478	0	5
2040	1	28	0.470425	1	6
2040	1	29	0.504372	0	7
2040	1	30	0.538319	0	1
2040	1	31	0.572266	0	2
2040	2	1	0.606213	0	3
2040	2	2	0.640159	0	4
2040	2	3	0.674106	0	5
2040	2	4	0.708053	0	6
2040	2	5	0.742000	0	7
2040	2	6	0.775947	0	1
2040	2	7	0.809894	0	2
2040	2	8	0.843841	0	3
2040	2	9	0.877788	0	4
2040	2	10	0.911735	0	5
2040	2	11	0.945682	0	6
2040	2	12	0.979629	2	7
2040	2	13	0.013568	0	1
2040	2	14	0.047497	0	2
2040	2	15	0.081426	0	3
2040	2	16	0.115355	0	4
2040	2	17	0.149284	0	5
2040	2	18	0.183213	0	6
2040	2	19	0.217142	0	7
2040	2	20	0.251071	0	1
2040	2	21	0.285000	0	2
2040	2	22	0.318929	0	3
2040	2	23	0.352858	0	4
2040	2	24	0.386787	0	5
2040	2	25	0.420715	0	6
2040	2	26	0.454644	0	7
2040	2	27	0.488573	1	1
2040	2	28	0.522502	0	2
2040	2	29	0.556431	0	3
2040	3	1	0.590360	0	4
2040	3	2	0.624289	0	5
2040	3	3	0.658218	0	6
2040	3	4	0.692147	0	7
2040	3	5	0.726076	0	1
2040	3	6	0.760005	0	2
2040	3	7	0.793934	0	3
2040	3	8	0.827863	0	4
2040	3	9	0.861792	0	5
2040	3	10	0.895720	0	6
2040	3	11	0.929649	0	7
2040	3	12	0.963578	2	1
2040	3	13	0.997507	0	2
2040	3	14	0.031397	0	3
2040	3	15	0.065284	0	4
2040	3	16	0.099172	0	5
2040	3	17	0.133059	0	6
2040	3	18	0.166946	0	7
2040	3	19	0.200833	0	1
2040	3	20	0.234720	0	2
2040	3	21	0.268607	0	3
2040	3	22	0.302494	0	4
2040	3	23	0.336381	0	5
2040	3	24	0.370268	0	6
2040	3	25	0.404155	0	7
2040	3	26	0.438042	0	1
2040	3	27	0.471929	0	2
2040	3	28	0.505816	1	3
2040	3	29	0.539703	0	4
2040	3	30	0.573590	0	5
2040	3	31	0.607477	0	6
2040	4	1	0.641365	0	7
2040	4	2	0.675252	0	1
2040	4	3	0.709139	0	2
2040	4	4	0.743026	0	3
2040	4	5	0.776913	0	4
2040	4	6	0.810800	0	5
2040	4	7	0.844687	0	6
2040	4	8	0.878574	0	7
2040	4	9	0.912461	0	1
2040	4	10	0.946348	0	2
2040	4	11	0.980235	2	3
2040	4	12	0.014098	0	4
2040	4	13	0.047926	0	5
2040	4	14	0.081755	0	6
2040	4	15	0.115583	0	7
2040	4	16	0.149412	0	1
2040	4	17	0.183240	0	2
2040	4	18	0.217069	0	3
2040	4	19	0.250897	0	4
2040	4	20	0.284726	0	5
2040	4	21	0.318554	0	6
2040	4	22	0.352383	0	7
2040	4	23	0.386211	0	1
2040	4	24	0.420040	0	2
2040	4	25	0.453868	0	3
2040	4	26	0.487697	1	4
2040	4	27	0.521525	0	5
2040	4	28	0.555354	0	6
2040	4	29	0.589182	0	7
2040	4	30	0.623011	0	1
2040	5	1	0.656839	0	2
2040	5	2	0.690668	0	3
2040	5	3	0.724496	0	4
2040	5	4	0.758325	0	5
2040	5	5	0.792153	0	6
2040	5	6	0.825982	0	7
2040	5	7	0.859810	0	1
2040	5	8	0.893639	0	2
2040	5	9	0.927467	0	3
2040	5	10	0.961295	2	4
2040	5	11	0.995124	0	5
2040	5	12	0.028907	0	6
2040	5	13	0.062682	0	7
2040	5	14	0.096456	0	1
2040	5	15	0.130231	0	2
2040	5	16	0.164006	0	3
2040	5	17	0.197781	0	4
2040	5	18	0.231556	0	5
2040	5	19	0.265331	0	6
2040	5	20	0.299106	0	7
2040	5	21	0.332881	0	1
2040	5	22	0.366656	0	2
2040	5	23	0.400431	0	3
2040	5	24	0.434206	0	4
2040	5	25	0.467981	0	5
2040	5	26	0.501755	1	6
2040	5	27	0.535530	0	7
2040	5	28	0.569305	0	1
2040	5	29	0.603080	0	2
2040	5	30	0.636855	0	3
2040	5	31	0.670630	0	4
2040	6	1	0.704405	0	5
2040	6	2	0.738180	0	6
2040	6	3	0.771955	0	7
2040	6	4	0.805730	0	1
2040	6	5	0.839505	0	2
2040	6	6	0.873280	0	3
2040	6	7	0.907054	0	4
2040	6	8	0.940829	0	5
2040	6	9	0.974604	2	6
2040	6	10	0.008372	0	7
2040	6	11	0.042118	0	1
2040	6	12	0.075864	0	2
2040	6	13	0.109610	0	3
2040	6	14	0.143356	0	4
2040	6	15	0.177102	0	5
2040	6	16	0.210848	0	6
2040	6	17	0.244594	0	7
2040	6	18	0.278340	0	1
2040	6	19	0.312087	0	2
2040	6	20	0.345833	0	3
2040	6	21	0.379579	0	4
2040	6	22	0.413325	0	5
2040	6	23	0.447071	0	6
2040	6	24	0.480817	1	7
2040	6	25	0.514563	0	1
2040	6	26	0.548309	0	2
2040	6	27	0.582055	0	3
2040	6	28	0.615801	0	4
2040	6	29	0.649547	0	5
2040	6	30	0.683293	0	6
2040	7	1	0.717039	0	7
2040	7	2	0.750785	0	1
2040	7	3	0.784531	0	2
2040	7	4	0.818277	0	3
2040	7	5	0.852023	0	4
2040	7	6	0.885769	0	5
2040	7	7	0.919515	0	6
2040	7	8	0.953262	0	7
2040	7	9	0.987008	2	1
2040	7	10	0.020754	0	2
2040	7	11	0.054500	0	3
2040	7	12	0.088246	0	4
2040	7	13	0.121992	0	5
2040	7	14	0.155738	0	6
2040	7	15	0.189484	0	7
2040	7	16	0.223230	0	1
2040	7	17	0.256976	0	2
2040	7	18	0.290722	0	3
2040	7	19	0.324468	0	4
2040	7	20	0.358214	0	5
2040	7	21	0.391960	0	6
2040	7	22	0.425706	0	7
2040	7	23	0.459452	1	1
2040	7	24	0.493198	0	2
2040	7	25	0.526944	0	3
2040	7	26	0.560690	0	4
2040	7	27	0.594436	0	5
2040	7	28	0.628183	0	6
2040	7	29	0.661929	0	7
2040	7	30	0.695675	0	1
2040	7	31	0.729421	0	2
2040	8	1	0.763167	0	3
2040	8	2	0.796913	0	4
2040	8	3	0.830659	0	5
2040	8	4	0.864405	0	6
2040	8	5	0.898151	0	7
2040	8	6	0.931897	0	1
2040	8	7	0.965643	2	2
2040	8	8	0.999389	0	3
2040	8	9	0.033154	0	4
2040	8	10	0.066919	0	5
2040	8	11	0.100685	0	6
2040	8	12	0.134450	0	7
2040	8	13	0.168215	0	1
2040	8	14	0.201981	0	2
2040	8	15	0.235746	0	3
2040	8	16	0.269511	0	4
2040	8	17	0.303277	0	5
2040	8	18	0.337042	0	6
2040	8	19	0.370807	0	7
2040	8	20	0.404573	0	1
2040	8	21	0.438338	0	2
2040	8	22	0.472103	1	3
2040	8	23	0.505869	0	4
2040	8	24	0.539634	0	5
2040	8	25	0.573400	0	6
2040	8	26	0.607165	0	7
2040	8	27	0.640930	0	1
2040	8	28	0.674696	0	2
2040	8	29	0.708461	0	3
2040	8	30	0.742226	0	4
2040	8	31	0.775992	0	5
2040	9	1	0.809757	0	6
2040	9	2	0.843522	0	7
2040	9	3	0.877288	0	1
2040	9	4	0.911053	0	2
2040	9	5	0.944818	0	3
2040	9	6	0.978584	2	4
2040	9	7	0.012359	0	5
2040	9	8	0.046152	0	6
2040	9	9	0.079945	0	7
2040	9	10	0.113739	0	1
2040	9	11	0.147532	0	2
2040	9	12	0.181325	0	3
2040	9	13	0.215118	0	4
2040	9	14	0.248911	0	5
2040	9	15	0.282704	0	6
2040	9	16	0.316497	0	7
2040	9	17	0.350290	0	1
2040	9	18	0.384083	0	2
2040	9	19	0.417877	0	3
2040	9	20	0.451670	1	4
2040	9	21	0.485463	0	5
2040	9	22	0.519256	0	6
2040	9	23	0.553049	0	7
2040	9	24	0.586842	0	1
2040	9	25	0.620635	0	2
2040	9	26	0.654428	0	3
2040	9	27	0.688221	0	4
2040	9	28	0.722015	0	5
2040	9	29	0.755808	0	6
2040	9	30	0.789601	0	7
2040	10	1	0.823394	0	1
2040	10	2	0.857187	0	2
2040	10	3	0.890980	0	3
2040	10	4	0.924773	0	4
2040	10	5	0.958566	2	5
2040	10	6	0.992360	0	6
2040	10	7	0.026179	0	7
2040	10	8	0.060005	0	1
2040	10	9	0.093832	0	2
2040	10	10	0.127658	0	3
2040	10	11	0.161485	0	4
2040	10	12	0.195311	0	5
2040	10	13	0.229138	0	6
2040	10	14	0.262964	0	7
2040	10	15	0.296791	0	1
2040	10	16	0.330618	0	2
2040	10	17	0.364444	0	3
2040	10	18	0.398271	0	4
2040	10	19	0.432097	1	5
2040	10	20	0.465924	0	6
2040	10	21	0.499750	0	7
2040	10	22	0.533577	0	1
2040	10	23	0.567403	0	2
2040	10	24	0.601230	0	3
2040	10	25	0.635057	0	4
2040	10	26	0.668883	0	5
2040	10	27	0.702710	0	6
2040	10	28	0.736536	0	7
2040	10	29	0.770363	0	1
2040	10	30	0.804189	0	2
2040	10	31	0.838016	0	3
2040	11	1	0.871842	0	4
2040	11	2	0.905669	0	5
2040	11	3	0.939496	0	6
2040	11	4	0.973322	2	7
2040	11	5	0.007158	0	1
2040	11	6	0.041026	0	2
2040	11	7	0.074895	0	3
2040	11	8	0.108764	0	4
2040	11	9	0.142632	0	5
2040	11	10	0.176501	0	6
2040	11	11	0.210370	0	7
2040	11	12	0.244238	0	1
2040	11	13	0.278107	0	2
2040	11	14	0.311976	0	3
2040	11	15	0.345844	0	4
2040	11	16	0.379713	0	5
2040	11	17	0.413582	0	6
2040	11	18	0.447450	1	7
2040	11	19	0.481319	0	1
2040	11	20	0.515188	0	2
2040	11	21	0.549056	0	3
2040	11	22	0.582925	0	4
2040	11	23	0.616794	0	5
2040	11	24	0.650662	0	6
2040	11	25	0.684531	0	7
2040	11	26	0.718400	0	1
2040	11	27	0.752268	0	2
2040	11	28	0.786137	0	3
2040	11	29	0.820006	0	4
2040	11	30	0.853875	0	5
2040	12	1	0.887743	0	6
2040	12	2	0.921612	0	7
2040	12	3	0.955481	2	1
2040	12	4	0.989349	0	2
2040	12	5	0.023252	0	3
2040	12	6	0.057171	0	4
2040	12	7	0.091089	0	5
2040	12	8	0.125008	0	6
2040	12	9	0.158926	0	7
2040	12	10	0.192845	0	1
2040	12	11	0.226764	0	2
2040	12	12	0.260682	0	3
2040	12	13	0.294601	0	4
2040	12	14	0.328519	0	5
2040	12	15	0.362438	0	6
2040	12	16	0.396356	0	7
2040	12	17	0.430275	0	1
2040	12	18	0.464194	1	2
2040	12	19	0.498112	0	3
2040	12	20	0.532031	0	4
2040	12	21	0.565949	0	5
2040	12	22	0.599868	0	6
2040	12	23	0.633786	0	7
2040	12	24	0.667705	0	1
2040	12	25	0.701624	0	2
2040	12	26	0.735542	0	3
2040	12	27	0.769461	0	4
2040	12	28	0.803379	0	5
2040	12	29	0.837298	0	6
2040	12	30	0.871217	0	7
2040	12	31	0.905135	0	1
