# [1] = year, [2] = month, [3] = day, [4] = lunar phase,
# [5] = label (1 = full, 2 = new), 
# [6] = day of week (1 = monday, 7 = sunday) 
# 
# calculated in PST using the pyephem package.
# 
2047	1	1	0.153793	0	2
2047	1	2	0.187544	0	3
2047	1	3	0.221296	0	4
2047	1	4	0.255047	0	5
2047	1	5	0.288798	0	6
2047	1	6	0.322550	0	7
2047	1	7	0.356301	0	1
2047	1	8	0.390053	0	2
2047	1	9	0.423804	0	3
2047	1	10	0.457556	0	4
2047	1	11	0.491307	1	5
2047	1	12	0.525058	0	6
2047	1	13	0.558810	0	7
2047	1	14	0.592561	0	1
2047	1	15	0.626313	0	2
2047	1	16	0.660064	0	3
2047	1	17	0.693815	0	4
2047	1	18	0.727567	0	5
2047	1	19	0.761318	0	6
2047	1	20	0.795070	0	7
2047	1	21	0.828821	0	1
2047	1	22	0.862573	0	2
2047	1	23	0.896324	0	3
2047	1	24	0.930075	0	4
2047	1	25	0.963827	2	5
2047	1	26	0.997578	0	6
2047	1	27	0.031258	0	7
2047	1	28	0.064933	0	1
2047	1	29	0.098608	0	2
2047	1	30	0.132282	0	3
2047	1	31	0.165957	0	4
2047	2	1	0.199632	0	5
2047	2	2	0.233306	0	6
2047	2	3	0.266981	0	7
2047	2	4	0.300656	0	1
2047	2	5	0.334330	0	2
2047	2	6	0.368005	0	3
2047	2	7	0.401680	0	4
2047	2	8	0.435354	0	5
2047	2	9	0.469029	0	6
2047	2	10	0.502704	1	7
2047	2	11	0.536378	0	1
2047	2	12	0.570053	0	2
2047	2	13	0.603728	0	3
2047	2	14	0.637402	0	4
2047	2	15	0.671077	0	5
2047	2	16	0.704752	0	6
2047	2	17	0.738426	0	7
2047	2	18	0.772101	0	1
2047	2	19	0.805776	0	2
2047	2	20	0.839450	0	3
2047	2	21	0.873125	0	4
2047	2	22	0.906800	0	5
2047	2	23	0.940474	0	6
2047	2	24	0.974149	2	7
2047	2	25	0.007817	0	1
2047	2	26	0.041463	0	2
2047	2	27	0.075110	0	3
2047	2	28	0.108756	0	4
2047	3	1	0.142402	0	5
2047	3	2	0.176048	0	6
2047	3	3	0.209694	0	7
2047	3	4	0.243341	0	1
2047	3	5	0.276987	0	2
2047	3	6	0.310633	0	3
2047	3	7	0.344279	0	4
2047	3	8	0.377925	0	5
2047	3	9	0.411572	0	6
2047	3	10	0.445218	0	7
2047	3	11	0.478864	1	1
2047	3	12	0.512510	0	2
2047	3	13	0.546156	0	3
2047	3	14	0.579803	0	4
2047	3	15	0.613449	0	5
2047	3	16	0.647095	0	6
2047	3	17	0.680741	0	7
2047	3	18	0.714387	0	1
2047	3	19	0.748034	0	2
2047	3	20	0.781680	0	3
2047	3	21	0.815326	0	4
2047	3	22	0.848972	0	5
2047	3	23	0.882618	0	6
2047	3	24	0.916265	0	7
2047	3	25	0.949911	0	1
2047	3	26	0.983557	2	2
2047	3	27	0.017212	0	3
2047	3	28	0.050876	0	4
2047	3	29	0.084540	0	5
2047	3	30	0.118204	0	6
2047	3	31	0.151868	0	7
2047	4	1	0.185532	0	1
2047	4	2	0.219196	0	2
2047	4	3	0.252860	0	3
2047	4	4	0.286524	0	4
2047	4	5	0.320189	0	5
2047	4	6	0.353853	0	6
2047	4	7	0.387517	0	7
2047	4	8	0.421181	0	1
2047	4	9	0.454845	0	2
2047	4	10	0.488509	1	3
2047	4	11	0.522173	0	4
2047	4	12	0.555837	0	5
2047	4	13	0.589501	0	6
2047	4	14	0.623165	0	7
2047	4	15	0.656829	0	1
2047	4	16	0.690493	0	2
2047	4	17	0.724157	0	3
2047	4	18	0.757821	0	4
2047	4	19	0.791485	0	5
2047	4	20	0.825149	0	6
2047	4	21	0.858813	0	7
2047	4	22	0.892477	0	1
2047	4	23	0.926141	0	2
2047	4	24	0.959805	2	3
2047	4	25	0.993469	0	4
2047	4	26	0.027176	0	5
2047	4	27	0.060894	0	6
2047	4	28	0.094611	0	7
2047	4	29	0.128329	0	1
2047	4	30	0.162047	0	2
2047	5	1	0.195764	0	3
2047	5	2	0.229482	0	4
2047	5	3	0.263199	0	5
2047	5	4	0.296917	0	6
2047	5	5	0.330634	0	7
2047	5	6	0.364352	0	1
2047	5	7	0.398069	0	2
2047	5	8	0.431787	0	3
2047	5	9	0.465505	1	4
2047	5	10	0.499222	0	5
2047	5	11	0.532940	0	6
2047	5	12	0.566657	0	7
2047	5	13	0.600375	0	1
2047	5	14	0.634092	0	2
2047	5	15	0.667810	0	3
2047	5	16	0.701528	0	4
2047	5	17	0.735245	0	5
2047	5	18	0.768963	0	6
2047	5	19	0.802680	0	7
2047	5	20	0.836398	0	1
2047	5	21	0.870115	0	2
2047	5	22	0.903833	0	3
2047	5	23	0.937551	0	4
2047	5	24	0.971268	2	5
2047	5	25	0.004997	0	6
2047	5	26	0.038794	0	7
2047	5	27	0.072590	0	1
2047	5	28	0.106386	0	2
2047	5	29	0.140182	0	3
2047	5	30	0.173979	0	4
2047	5	31	0.207775	0	5
2047	6	1	0.241571	0	6
2047	6	2	0.275367	0	7
2047	6	3	0.309164	0	1
2047	6	4	0.342960	0	2
2047	6	5	0.376756	0	3
2047	6	6	0.410552	0	4
2047	6	7	0.444349	1	5
2047	6	8	0.478145	0	6
2047	6	9	0.511941	0	7
2047	6	10	0.545737	0	1
2047	6	11	0.579534	0	2
2047	6	12	0.613330	0	3
2047	6	13	0.647126	0	4
2047	6	14	0.680922	0	5
2047	6	15	0.714719	0	6
2047	6	16	0.748515	0	7
2047	6	17	0.782311	0	1
2047	6	18	0.816107	0	2
2047	6	19	0.849904	0	3
2047	6	20	0.883700	0	4
2047	6	21	0.917496	0	5
2047	6	22	0.951292	0	6
2047	6	23	0.985089	2	7
2047	6	24	0.018936	0	1
2047	6	25	0.052823	0	2
2047	6	26	0.086711	0	3
2047	6	27	0.120598	0	4
2047	6	28	0.154486	0	5
2047	6	29	0.188374	0	6
2047	6	30	0.222261	0	7
2047	7	1	0.256149	0	1
2047	7	2	0.290036	0	2
2047	7	3	0.323924	0	3
2047	7	4	0.357811	0	4
2047	7	5	0.391699	0	5
2047	7	6	0.425586	0	6
2047	7	7	0.459474	1	7
2047	7	8	0.493361	0	1
2047	7	9	0.527249	0	2
2047	7	10	0.561136	0	3
2047	7	11	0.595024	0	4
2047	7	12	0.628911	0	5
2047	7	13	0.662799	0	6
2047	7	14	0.696687	0	7
2047	7	15	0.730574	0	1
2047	7	16	0.764462	0	2
2047	7	17	0.798349	0	3
2047	7	18	0.832237	0	4
2047	7	19	0.866124	0	5
2047	7	20	0.900012	0	6
2047	7	21	0.933899	0	7
2047	7	22	0.967787	2	1
2047	7	23	0.001679	0	2
2047	7	24	0.035651	0	3
2047	7	25	0.069624	0	4
2047	7	26	0.103597	0	5
2047	7	27	0.137570	0	6
2047	7	28	0.171542	0	7
2047	7	29	0.205515	0	1
2047	7	30	0.239488	0	2
2047	7	31	0.273461	0	3
2047	8	1	0.307433	0	4
2047	8	2	0.341406	0	5
2047	8	3	0.375379	0	6
2047	8	4	0.409352	0	7
2047	8	5	0.443324	1	1
2047	8	6	0.477297	0	2
2047	8	7	0.511270	0	3
2047	8	8	0.545242	0	4
2047	8	9	0.579215	0	5
2047	8	10	0.613188	0	6
2047	8	11	0.647161	0	7
2047	8	12	0.681133	0	1
2047	8	13	0.715106	0	2
2047	8	14	0.749079	0	3
2047	8	15	0.783052	0	4
2047	8	16	0.817024	0	5
2047	8	17	0.850997	0	6
2047	8	18	0.884970	0	7
2047	8	19	0.918943	0	1
2047	8	20	0.952915	0	2
2047	8	21	0.986888	2	3
2047	8	22	0.020896	0	4
2047	8	23	0.054927	0	5
2047	8	24	0.088957	0	6
2047	8	25	0.122987	0	7
2047	8	26	0.157018	0	1
2047	8	27	0.191048	0	2
2047	8	28	0.225078	0	3
2047	8	29	0.259109	0	4
2047	8	30	0.293139	0	5
2047	8	31	0.327169	0	6
2047	9	1	0.361200	0	7
2047	9	2	0.395230	0	1
2047	9	3	0.429260	0	2
2047	9	4	0.463291	1	3
2047	9	5	0.497321	0	4
2047	9	6	0.531351	0	5
2047	9	7	0.565382	0	6
2047	9	8	0.599412	0	7
2047	9	9	0.633442	0	1
2047	9	10	0.667473	0	2
2047	9	11	0.701503	0	3
2047	9	12	0.735533	0	4
2047	9	13	0.769564	0	5
2047	9	14	0.803594	0	6
2047	9	15	0.837624	0	7
2047	9	16	0.871655	0	1
2047	9	17	0.905685	0	2
2047	9	18	0.939716	0	3
2047	9	19	0.973746	2	4
2047	9	20	0.007780	0	5
2047	9	21	0.041825	0	6
2047	9	22	0.075870	0	7
2047	9	23	0.109916	0	1
2047	9	24	0.143961	0	2
2047	9	25	0.178006	0	3
2047	9	26	0.212052	0	4
2047	9	27	0.246097	0	5
2047	9	28	0.280142	0	6
2047	9	29	0.314188	0	7
2047	9	30	0.348233	0	1
2047	10	1	0.382278	0	2
2047	10	2	0.416324	0	3
2047	10	3	0.450369	1	4
2047	10	4	0.484414	0	5
2047	10	5	0.518460	0	6
2047	10	6	0.552505	0	7
2047	10	7	0.586551	0	1
2047	10	8	0.620596	0	2
2047	10	9	0.654641	0	3
2047	10	10	0.688687	0	4
2047	10	11	0.722732	0	5
2047	10	12	0.756777	0	6
2047	10	13	0.790823	0	7
2047	10	14	0.824868	0	1
2047	10	15	0.858913	0	2
2047	10	16	0.892959	0	3
2047	10	17	0.927004	0	4
2047	10	18	0.961049	2	5
2047	10	19	0.995095	0	6
2047	10	20	0.029116	0	7
2047	10	21	0.063134	0	1
2047	10	22	0.097152	0	2
2047	10	23	0.131169	0	3
2047	10	24	0.165187	0	4
2047	10	25	0.199204	0	5
2047	10	26	0.233222	0	6
2047	10	27	0.267240	0	7
2047	10	28	0.301257	0	1
2047	10	29	0.335275	0	2
2047	10	30	0.369293	0	3
2047	10	31	0.403310	0	4
2047	11	1	0.437328	0	5
2047	11	2	0.471346	1	6
2047	11	3	0.505363	0	7
2047	11	4	0.539381	0	1
2047	11	5	0.573398	0	2
2047	11	6	0.607416	0	3
2047	11	7	0.641434	0	4
2047	11	8	0.675451	0	5
2047	11	9	0.709469	0	6
2047	11	10	0.743487	0	7
2047	11	11	0.777504	0	1
2047	11	12	0.811522	0	2
2047	11	13	0.845539	0	3
2047	11	14	0.879557	0	4
2047	11	15	0.913575	0	5
2047	11	16	0.947592	0	6
2047	11	17	0.981610	2	7
2047	11	18	0.015602	0	1
2047	11	19	0.049565	0	2
2047	11	20	0.083528	0	3
2047	11	21	0.117491	0	4
2047	11	22	0.151454	0	5
2047	11	23	0.185417	0	6
2047	11	24	0.219379	0	7
2047	11	25	0.253342	0	1
2047	11	26	0.287305	0	2
2047	11	27	0.321268	0	3
2047	11	28	0.355231	0	4
2047	11	29	0.389193	0	5
2047	11	30	0.423156	0	6
2047	12	1	0.457119	0	7
2047	12	2	0.491082	1	1
2047	12	3	0.525045	0	2
2047	12	4	0.559008	0	3
2047	12	5	0.592970	0	4
2047	12	6	0.626933	0	5
2047	12	7	0.660896	0	6
2047	12	8	0.694859	0	7
2047	12	9	0.728822	0	1
2047	12	10	0.762785	0	2
2047	12	11	0.796747	0	3
2047	12	12	0.830710	0	4
2047	12	13	0.864673	0	5
2047	12	14	0.898636	0	6
2047	12	15	0.932599	0	7
2047	12	16	0.966561	2	1
2047	12	17	0.000523	0	2
2047	12	18	0.034426	0	3
2047	12	19	0.068329	0	4
2047	12	20	0.102232	0	5
2047	12	21	0.136135	0	6
2047	12	22	0.170038	0	7
2047	12	23	0.203941	0	1
2047	12	24	0.237844	0	2
2047	12	25	0.271747	0	3
2047	12	26	0.305650	0	4
2047	12	27	0.339553	0	5
2047	12	28	0.373456	0	6
2047	12	29	0.407359	0	7
2047	12	30	0.441262	0	1
2047	12	31	0.475165	1	2
