# [1] = year, [2] = month, [3] = day, [4] = lunar phase,
# [5] = label (1 = full, 2 = new), 
# [6] = day of week (1 = monday, 7 = sunday) 
# 
# calculated in PST using the pyephem package.
# 
2058	1	1	0.201784	0	2
2058	1	2	0.235737	0	3
2058	1	3	0.269690	0	4
2058	1	4	0.303643	0	5
2058	1	5	0.337596	0	6
2058	1	6	0.371549	0	7
2058	1	7	0.405501	0	1
2058	1	8	0.439454	0	2
2058	1	9	0.473407	1	3
2058	1	10	0.507360	0	4
2058	1	11	0.541313	0	5
2058	1	12	0.575266	0	6
2058	1	13	0.609218	0	7
2058	1	14	0.643171	0	1
2058	1	15	0.677124	0	2
2058	1	16	0.711077	0	3
2058	1	17	0.745030	0	4
2058	1	18	0.778983	0	5
2058	1	19	0.812935	0	6
2058	1	20	0.846888	0	7
2058	1	21	0.880841	0	1
2058	1	22	0.914794	0	2
2058	1	23	0.948747	0	3
2058	1	24	0.982700	2	4
2058	1	25	0.016656	0	5
2058	1	26	0.050616	0	6
2058	1	27	0.084577	0	7
2058	1	28	0.118537	0	1
2058	1	29	0.152497	0	2
2058	1	30	0.186458	0	3
2058	1	31	0.220418	0	4
2058	2	1	0.254378	0	5
2058	2	2	0.288338	0	6
2058	2	3	0.322299	0	7
2058	2	4	0.356259	0	1
2058	2	5	0.390219	0	2
2058	2	6	0.424180	0	3
2058	2	7	0.458140	0	4
2058	2	8	0.492100	1	5
2058	2	9	0.526061	0	6
2058	2	10	0.560021	0	7
2058	2	11	0.593981	0	1
2058	2	12	0.627941	0	2
2058	2	13	0.661902	0	3
2058	2	14	0.695862	0	4
2058	2	15	0.729822	0	5
2058	2	16	0.763783	0	6
2058	2	17	0.797743	0	7
2058	2	18	0.831703	0	1
2058	2	19	0.865663	0	2
2058	2	20	0.899624	0	3
2058	2	21	0.933584	0	4
2058	2	22	0.967544	2	5
2058	2	23	0.001504	0	6
2058	2	24	0.035456	0	7
2058	2	25	0.069408	0	1
2058	2	26	0.103360	0	2
2058	2	27	0.137311	0	3
2058	2	28	0.171263	0	4
2058	3	1	0.205215	0	5
2058	3	2	0.239167	0	6
2058	3	3	0.273119	0	7
2058	3	4	0.307070	0	1
2058	3	5	0.341022	0	2
2058	3	6	0.374974	0	3
2058	3	7	0.408926	0	4
2058	3	8	0.442877	0	5
2058	3	9	0.476829	0	6
2058	3	10	0.510781	1	7
2058	3	11	0.544733	0	1
2058	3	12	0.578685	0	2
2058	3	13	0.612636	0	3
2058	3	14	0.646588	0	4
2058	3	15	0.680540	0	5
2058	3	16	0.714492	0	6
2058	3	17	0.748444	0	7
2058	3	18	0.782395	0	1
2058	3	19	0.816347	0	2
2058	3	20	0.850299	0	3
2058	3	21	0.884251	0	4
2058	3	22	0.918202	0	5
2058	3	23	0.952154	0	6
2058	3	24	0.986106	2	7
2058	3	25	0.020036	0	1
2058	3	26	0.053951	0	2
2058	3	27	0.087866	0	3
2058	3	28	0.121781	0	4
2058	3	29	0.155695	0	5
2058	3	30	0.189610	0	6
2058	3	31	0.223525	0	7
2058	4	1	0.257440	0	1
2058	4	2	0.291355	0	2
2058	4	3	0.325270	0	3
2058	4	4	0.359185	0	4
2058	4	5	0.393099	0	5
2058	4	6	0.427014	0	6
2058	4	7	0.460929	0	7
2058	4	8	0.494844	1	1
2058	4	9	0.528759	0	2
2058	4	10	0.562674	0	3
2058	4	11	0.596589	0	4
2058	4	12	0.630503	0	5
2058	4	13	0.664418	0	6
2058	4	14	0.698333	0	7
2058	4	15	0.732248	0	1
2058	4	16	0.766163	0	2
2058	4	17	0.800078	0	3
2058	4	18	0.833992	0	4
2058	4	19	0.867907	0	5
2058	4	20	0.901822	0	6
2058	4	21	0.935737	0	7
2058	4	22	0.969652	2	1
2058	4	23	0.003560	0	2
2058	4	24	0.037416	0	3
2058	4	25	0.071271	0	4
2058	4	26	0.105126	0	5
2058	4	27	0.138981	0	6
2058	4	28	0.172836	0	7
2058	4	29	0.206691	0	1
2058	4	30	0.240546	0	2
2058	5	1	0.274401	0	3
2058	5	2	0.308256	0	4
2058	5	3	0.342111	0	5
2058	5	4	0.375967	0	6
2058	5	5	0.409822	0	7
2058	5	6	0.443677	0	1
2058	5	7	0.477532	0	2
2058	5	8	0.511387	1	3
2058	5	9	0.545242	0	4
2058	5	10	0.579097	0	5
2058	5	11	0.612952	0	6
2058	5	12	0.646807	0	7
2058	5	13	0.680662	0	1
2058	5	14	0.714518	0	2
2058	5	15	0.748373	0	3
2058	5	16	0.782228	0	4
2058	5	17	0.816083	0	5
2058	5	18	0.849938	0	6
2058	5	19	0.883793	0	7
2058	5	20	0.917648	0	1
2058	5	21	0.951503	0	2
2058	5	22	0.985358	2	3
2058	5	23	0.019179	0	4
2058	5	24	0.052972	0	5
2058	5	25	0.086766	0	6
2058	5	26	0.120559	0	7
2058	5	27	0.154353	0	1
2058	5	28	0.188146	0	2
2058	5	29	0.221940	0	3
2058	5	30	0.255733	0	4
2058	5	31	0.289527	0	5
2058	6	1	0.323320	0	6
2058	6	2	0.357114	0	7
2058	6	3	0.390907	0	1
2058	6	4	0.424701	0	2
2058	6	5	0.458495	0	3
2058	6	6	0.492288	1	4
2058	6	7	0.526082	0	5
2058	6	8	0.559875	0	6
2058	6	9	0.593669	0	7
2058	6	10	0.627462	0	1
2058	6	11	0.661256	0	2
2058	6	12	0.695049	0	3
2058	6	13	0.728843	0	4
2058	6	14	0.762636	0	5
2058	6	15	0.796430	0	6
2058	6	16	0.830223	0	7
2058	6	17	0.864017	0	1
2058	6	18	0.897810	0	2
2058	6	19	0.931604	0	3
2058	6	20	0.965398	2	4
2058	6	21	0.999191	0	5
2058	6	22	0.032944	0	6
2058	6	23	0.066695	0	7
2058	6	24	0.100446	0	1
2058	6	25	0.134198	0	2
2058	6	26	0.167949	0	3
2058	6	27	0.201701	0	4
2058	6	28	0.235452	0	5
2058	6	29	0.269203	0	6
2058	6	30	0.302955	0	7
2058	7	1	0.336706	0	1
2058	7	2	0.370458	0	2
2058	7	3	0.404209	0	3
2058	7	4	0.437960	0	4
2058	7	5	0.471712	1	5
2058	7	6	0.505463	0	6
2058	7	7	0.539215	0	7
2058	7	8	0.572966	0	1
2058	7	9	0.606717	0	2
2058	7	10	0.640469	0	3
2058	7	11	0.674220	0	4
2058	7	12	0.707972	0	5
2058	7	13	0.741723	0	6
2058	7	14	0.775474	0	7
2058	7	15	0.809226	0	1
2058	7	16	0.842977	0	2
2058	7	17	0.876729	0	3
2058	7	18	0.910480	0	4
2058	7	19	0.944232	0	5
2058	7	20	0.977983	2	6
2058	7	21	0.011729	0	7
2058	7	22	0.045466	0	1
2058	7	23	0.079203	0	2
2058	7	24	0.112939	0	3
2058	7	25	0.146676	0	4
2058	7	26	0.180413	0	5
2058	7	27	0.214149	0	6
2058	7	28	0.247886	0	7
2058	7	29	0.281623	0	1
2058	7	30	0.315359	0	2
2058	7	31	0.349096	0	3
2058	8	1	0.382833	0	4
2058	8	2	0.416570	0	5
2058	8	3	0.450306	0	6
2058	8	4	0.484043	1	7
2058	8	5	0.517780	0	1
2058	8	6	0.551516	0	2
2058	8	7	0.585253	0	3
2058	8	8	0.618990	0	4
2058	8	9	0.652726	0	5
2058	8	10	0.686463	0	6
2058	8	11	0.720200	0	7
2058	8	12	0.753936	0	1
2058	8	13	0.787673	0	2
2058	8	14	0.821410	0	3
2058	8	15	0.855147	0	4
2058	8	16	0.888883	0	5
2058	8	17	0.922620	0	6
2058	8	18	0.956357	0	7
2058	8	19	0.990093	2	1
2058	8	20	0.023835	0	2
2058	8	21	0.057579	0	3
2058	8	22	0.091323	0	4
2058	8	23	0.125067	0	5
2058	8	24	0.158811	0	6
2058	8	25	0.192555	0	7
2058	8	26	0.226299	0	1
2058	8	27	0.260043	0	2
2058	8	28	0.293787	0	3
2058	8	29	0.327531	0	4
2058	8	30	0.361275	0	5
2058	8	31	0.395019	0	6
2058	9	1	0.428763	0	7
2058	9	2	0.462507	1	1
2058	9	3	0.496251	0	2
2058	9	4	0.529995	0	3
2058	9	5	0.563739	0	4
2058	9	6	0.597482	0	5
2058	9	7	0.631226	0	6
2058	9	8	0.664970	0	7
2058	9	9	0.698714	0	1
2058	9	10	0.732458	0	2
2058	9	11	0.766202	0	3
2058	9	12	0.799946	0	4
2058	9	13	0.833690	0	5
2058	9	14	0.867434	0	6
2058	9	15	0.901178	0	7
2058	9	16	0.934922	0	1
2058	9	17	0.968666	2	2
2058	9	18	0.002412	0	3
2058	9	19	0.036177	0	4
2058	9	20	0.069942	0	5
2058	9	21	0.103708	0	6
2058	9	22	0.137473	0	7
2058	9	23	0.171238	0	1
2058	9	24	0.205003	0	2
2058	9	25	0.238769	0	3
2058	9	26	0.272534	0	4
2058	9	27	0.306299	0	5
2058	9	28	0.340065	0	6
2058	9	29	0.373830	0	7
2058	9	30	0.407595	0	1
2058	10	1	0.441361	1	2
2058	10	2	0.475126	0	3
2058	10	3	0.508891	0	4
2058	10	4	0.542657	0	5
2058	10	5	0.576422	0	6
2058	10	6	0.610187	0	7
2058	10	7	0.643953	0	1
2058	10	8	0.677718	0	2
2058	10	9	0.711483	0	3
2058	10	10	0.745249	0	4
2058	10	11	0.779014	0	5
2058	10	12	0.812779	0	6
2058	10	13	0.846545	0	7
2058	10	14	0.880310	0	1
2058	10	15	0.914075	0	2
2058	10	16	0.947840	0	3
2058	10	17	0.981606	2	4
2058	10	18	0.015387	0	5
2058	10	19	0.049186	0	6
2058	10	20	0.082985	0	7
2058	10	21	0.116784	0	1
2058	10	22	0.150584	0	2
2058	10	23	0.184383	0	3
2058	10	24	0.218182	0	4
2058	10	25	0.251982	0	5
2058	10	26	0.285781	0	6
2058	10	27	0.319580	0	7
2058	10	28	0.353380	0	1
2058	10	29	0.387179	0	2
2058	10	30	0.420978	0	3
2058	10	31	0.454777	1	4
2058	11	1	0.488577	0	5
2058	11	2	0.522376	0	6
2058	11	3	0.556175	0	7
2058	11	4	0.589975	0	1
2058	11	5	0.623774	0	2
2058	11	6	0.657573	0	3
2058	11	7	0.691373	0	4
2058	11	8	0.725172	0	5
2058	11	9	0.758971	0	6
2058	11	10	0.792770	0	7
2058	11	11	0.826570	0	1
2058	11	12	0.860369	0	2
2058	11	13	0.894168	0	3
2058	11	14	0.927968	0	4
2058	11	15	0.961767	2	5
2058	11	16	0.995566	0	6
2058	11	17	0.029408	0	7
2058	11	18	0.063257	0	1
2058	11	19	0.097105	0	2
2058	11	20	0.130954	0	3
2058	11	21	0.164803	0	4
2058	11	22	0.198651	0	5
2058	11	23	0.232500	0	6
2058	11	24	0.266348	0	7
2058	11	25	0.300197	0	1
2058	11	26	0.334045	0	2
2058	11	27	0.367894	0	3
2058	11	28	0.401743	0	4
2058	11	29	0.435591	1	5
2058	11	30	0.469440	0	6
2058	12	1	0.503288	0	7
2058	12	2	0.537137	0	1
2058	12	3	0.570986	0	2
2058	12	4	0.604834	0	3
2058	12	5	0.638683	0	4
2058	12	6	0.672531	0	5
2058	12	7	0.706380	0	6
2058	12	8	0.740228	0	7
2058	12	9	0.774077	0	1
2058	12	10	0.807926	0	2
2058	12	11	0.841774	0	3
2058	12	12	0.875623	0	4
2058	12	13	0.909471	0	5
2058	12	14	0.943320	0	6
2058	12	15	0.977168	2	7
2058	12	16	0.011037	0	1
2058	12	17	0.044947	0	2
2058	12	18	0.078857	0	3
2058	12	19	0.112767	0	4
2058	12	20	0.146677	0	5
2058	12	21	0.180587	0	6
2058	12	22	0.214497	0	7
2058	12	23	0.248407	0	1
2058	12	24	0.282317	0	2
2058	12	25	0.316227	0	3
2058	12	26	0.350137	0	4
2058	12	27	0.384047	0	5
2058	12	28	0.417957	0	6
2058	12	29	0.451867	1	7
2058	12	30	0.485777	0	1
2058	12	31	0.519687	0	2
