# [1] = year, [2] = month, [3] = day, [4] = lunar phase,
# [5] = label (1 = full, 2 = new), 
# [6] = day of week (1 = monday, 7 = sunday) 
# 
# calculated in PST using the pyephem package.
# 
2063	1	1	0.043414	0	1
2063	1	2	0.076960	0	2
2063	1	3	0.110506	0	3
2063	1	4	0.144052	0	4
2063	1	5	0.177597	0	5
2063	1	6	0.211143	0	6
2063	1	7	0.244689	0	7
2063	1	8	0.278235	0	1
2063	1	9	0.311781	0	2
2063	1	10	0.345327	0	3
2063	1	11	0.378873	0	4
2063	1	12	0.412419	0	5
2063	1	13	0.445965	0	6
2063	1	14	0.479511	1	7
2063	1	15	0.513057	0	1
2063	1	16	0.546603	0	2
2063	1	17	0.580149	0	3
2063	1	18	0.613695	0	4
2063	1	19	0.647241	0	5
2063	1	20	0.680787	0	6
2063	1	21	0.714333	0	7
2063	1	22	0.747879	0	1
2063	1	23	0.781425	0	2
2063	1	24	0.814971	0	3
2063	1	25	0.848517	0	4
2063	1	26	0.882063	0	5
2063	1	27	0.915609	0	6
2063	1	28	0.949155	0	7
2063	1	29	0.982701	2	1
2063	1	30	0.016251	0	2
2063	1	31	0.049806	0	3
2063	2	1	0.083361	0	4
2063	2	2	0.116916	0	5
2063	2	3	0.150471	0	6
2063	2	4	0.184026	0	7
2063	2	5	0.217581	0	1
2063	2	6	0.251136	0	2
2063	2	7	0.284691	0	3
2063	2	8	0.318246	0	4
2063	2	9	0.351801	0	5
2063	2	10	0.385356	0	6
2063	2	11	0.418911	0	7
2063	2	12	0.452466	1	1
2063	2	13	0.486021	0	2
2063	2	14	0.519576	0	3
2063	2	15	0.553131	0	4
2063	2	16	0.586686	0	5
2063	2	17	0.620241	0	6
2063	2	18	0.653796	0	7
2063	2	19	0.687351	0	1
2063	2	20	0.720906	0	2
2063	2	21	0.754461	0	3
2063	2	22	0.788016	0	4
2063	2	23	0.821571	0	5
2063	2	24	0.855126	0	6
2063	2	25	0.888681	0	7
2063	2	26	0.922236	0	1
2063	2	27	0.955791	2	2
2063	2	28	0.989346	0	3
2063	3	1	0.022966	0	4
2063	3	2	0.056618	0	5
2063	3	3	0.090269	0	6
2063	3	4	0.123920	0	7
2063	3	5	0.157572	0	1
2063	3	6	0.191223	0	2
2063	3	7	0.224874	0	3
2063	3	8	0.258525	0	4
2063	3	9	0.292177	0	5
2063	3	10	0.325828	0	6
2063	3	11	0.359479	0	7
2063	3	12	0.393131	0	1
2063	3	13	0.426782	0	2
2063	3	14	0.460433	1	3
2063	3	15	0.494085	0	4
2063	3	16	0.527736	0	5
2063	3	17	0.561387	0	6
2063	3	18	0.595038	0	7
2063	3	19	0.628690	0	1
2063	3	20	0.662341	0	2
2063	3	21	0.695992	0	3
2063	3	22	0.729644	0	4
2063	3	23	0.763295	0	5
2063	3	24	0.796946	0	6
2063	3	25	0.830597	0	7
2063	3	26	0.864249	0	1
2063	3	27	0.897900	0	2
2063	3	28	0.931551	0	3
2063	3	29	0.965203	2	4
2063	3	30	0.998854	0	5
2063	3	31	0.032650	0	6
2063	4	1	0.066451	0	7
2063	4	2	0.100251	0	1
2063	4	3	0.134052	0	2
2063	4	4	0.167853	0	3
2063	4	5	0.201654	0	4
2063	4	6	0.235455	0	5
2063	4	7	0.269256	0	6
2063	4	8	0.303057	0	7
2063	4	9	0.336857	0	1
2063	4	10	0.370658	0	2
2063	4	11	0.404459	0	3
2063	4	12	0.438260	1	4
2063	4	13	0.472061	0	5
2063	4	14	0.505862	0	6
2063	4	15	0.539663	0	7
2063	4	16	0.573463	0	1
2063	4	17	0.607264	0	2
2063	4	18	0.641065	0	3
2063	4	19	0.674866	0	4
2063	4	20	0.708667	0	5
2063	4	21	0.742468	0	6
2063	4	22	0.776269	0	7
2063	4	23	0.810069	0	1
2063	4	24	0.843870	0	2
2063	4	25	0.877671	0	3
2063	4	26	0.911472	0	4
2063	4	27	0.945273	0	5
2063	4	28	0.979074	2	6
2063	4	29	0.012931	0	7
2063	4	30	0.046882	0	1
2063	5	1	0.080832	0	2
2063	5	2	0.114782	0	3
2063	5	3	0.148732	0	4
2063	5	4	0.182683	0	5
2063	5	5	0.216633	0	6
2063	5	6	0.250583	0	7
2063	5	7	0.284533	0	1
2063	5	8	0.318484	0	2
2063	5	9	0.352434	0	3
2063	5	10	0.386384	0	4
2063	5	11	0.420334	0	5
2063	5	12	0.454285	1	6
2063	5	13	0.488235	0	7
2063	5	14	0.522185	0	1
2063	5	15	0.556135	0	2
2063	5	16	0.590085	0	3
2063	5	17	0.624036	0	4
2063	5	18	0.657986	0	5
2063	5	19	0.691936	0	6
2063	5	20	0.725886	0	7
2063	5	21	0.759837	0	1
2063	5	22	0.793787	0	2
2063	5	23	0.827737	0	3
2063	5	24	0.861687	0	4
2063	5	25	0.895638	0	5
2063	5	26	0.929588	0	6
2063	5	27	0.963538	2	7
2063	5	28	0.997488	0	1
2063	5	29	0.031540	0	2
2063	5	30	0.065600	0	3
2063	5	31	0.099660	0	4
2063	6	1	0.133720	0	5
2063	6	2	0.167779	0	6
2063	6	3	0.201839	0	7
2063	6	4	0.235899	0	1
2063	6	5	0.269959	0	2
2063	6	6	0.304019	0	3
2063	6	7	0.338079	0	4
2063	6	8	0.372139	0	5
2063	6	9	0.406198	0	6
2063	6	10	0.440258	1	7
2063	6	11	0.474318	0	1
2063	6	12	0.508378	0	2
2063	6	13	0.542438	0	3
2063	6	14	0.576498	0	4
2063	6	15	0.610557	0	5
2063	6	16	0.644617	0	6
2063	6	17	0.678677	0	7
2063	6	18	0.712737	0	1
2063	6	19	0.746797	0	2
2063	6	20	0.780857	0	3
2063	6	21	0.814917	0	4
2063	6	22	0.848976	0	5
2063	6	23	0.883036	0	6
2063	6	24	0.917096	0	7
2063	6	25	0.951156	0	1
2063	6	26	0.985216	2	2
2063	6	27	0.019307	0	3
2063	6	28	0.053423	0	4
2063	6	29	0.087538	0	5
2063	6	30	0.121654	0	6
2063	7	1	0.155769	0	7
2063	7	2	0.189884	0	1
2063	7	3	0.224000	0	2
2063	7	4	0.258115	0	3
2063	7	5	0.292231	0	4
2063	7	6	0.326346	0	5
2063	7	7	0.360462	0	6
2063	7	8	0.394577	0	7
2063	7	9	0.428693	0	1
2063	7	10	0.462808	1	2
2063	7	11	0.496924	0	3
2063	7	12	0.531039	0	4
2063	7	13	0.565155	0	5
2063	7	14	0.599270	0	6
2063	7	15	0.633386	0	7
2063	7	16	0.667501	0	1
2063	7	17	0.701617	0	2
2063	7	18	0.735732	0	3
2063	7	19	0.769848	0	4
2063	7	20	0.803963	0	5
2063	7	21	0.838079	0	6
2063	7	22	0.872194	0	7
2063	7	23	0.906309	0	1
2063	7	24	0.940425	0	2
2063	7	25	0.974540	2	3
2063	7	26	0.008657	0	4
2063	7	27	0.042779	0	5
2063	7	28	0.076900	0	6
2063	7	29	0.111021	0	7
2063	7	30	0.145142	0	1
2063	7	31	0.179264	0	2
2063	8	1	0.213385	0	3
2063	8	2	0.247506	0	4
2063	8	3	0.281627	0	5
2063	8	4	0.315749	0	6
2063	8	5	0.349870	0	7
2063	8	6	0.383991	0	1
2063	8	7	0.418112	0	2
2063	8	8	0.452234	1	3
2063	8	9	0.486355	0	4
2063	8	10	0.520476	0	5
2063	8	11	0.554597	0	6
2063	8	12	0.588719	0	7
2063	8	13	0.622840	0	1
2063	8	14	0.656961	0	2
2063	8	15	0.691082	0	3
2063	8	16	0.725204	0	4
2063	8	17	0.759325	0	5
2063	8	18	0.793446	0	6
2063	8	19	0.827567	0	7
2063	8	20	0.861689	0	1
2063	8	21	0.895810	0	2
2063	8	22	0.929931	0	3
2063	8	23	0.964052	2	4
2063	8	24	0.998174	0	5
2063	8	25	0.032263	0	6
2063	8	26	0.066351	0	7
2063	8	27	0.100439	0	1
2063	8	28	0.134526	0	2
2063	8	29	0.168614	0	3
2063	8	30	0.202702	0	4
2063	8	31	0.236790	0	5
2063	9	1	0.270877	0	6
2063	9	2	0.304965	0	7
2063	9	3	0.339053	0	1
2063	9	4	0.373141	0	2
2063	9	5	0.407228	0	3
2063	9	6	0.441316	0	4
2063	9	7	0.475404	1	5
2063	9	8	0.509492	0	6
2063	9	9	0.543579	0	7
2063	9	10	0.577667	0	1
2063	9	11	0.611755	0	2
2063	9	12	0.645843	0	3
2063	9	13	0.679930	0	4
2063	9	14	0.714018	0	5
2063	9	15	0.748106	0	6
2063	9	16	0.782194	0	7
2063	9	17	0.816281	0	1
2063	9	18	0.850369	0	2
2063	9	19	0.884457	0	3
2063	9	20	0.918545	0	4
2063	9	21	0.952632	0	5
2063	9	22	0.986720	2	6
2063	9	23	0.020768	0	7
2063	9	24	0.054791	0	1
2063	9	25	0.088813	0	2
2063	9	26	0.122836	0	3
2063	9	27	0.156858	0	4
2063	9	28	0.190881	0	5
2063	9	29	0.224904	0	6
2063	9	30	0.258926	0	7
2063	10	1	0.292949	0	1
2063	10	2	0.326971	0	2
2063	10	3	0.360994	0	3
2063	10	4	0.395017	0	4
2063	10	5	0.429039	0	5
2063	10	6	0.463062	0	6
2063	10	7	0.497084	1	7
2063	10	8	0.531107	0	1
2063	10	9	0.565129	0	2
2063	10	10	0.599152	0	3
2063	10	11	0.633175	0	4
2063	10	12	0.667197	0	5
2063	10	13	0.701220	0	6
2063	10	14	0.735242	0	7
2063	10	15	0.769265	0	1
2063	10	16	0.803288	0	2
2063	10	17	0.837310	0	3
2063	10	18	0.871333	0	4
2063	10	19	0.905355	0	5
2063	10	20	0.939378	0	6
2063	10	21	0.973400	2	7
2063	10	22	0.007402	0	1
2063	10	23	0.041330	0	2
2063	10	24	0.075258	0	3
2063	10	25	0.109186	0	4
2063	10	26	0.143113	0	5
2063	10	27	0.177041	0	6
2063	10	28	0.210969	0	7
2063	10	29	0.244896	0	1
2063	10	30	0.278824	0	2
2063	10	31	0.312752	0	3
2063	11	1	0.346680	0	4
2063	11	2	0.380607	0	5
2063	11	3	0.414535	0	6
2063	11	4	0.448463	0	7
2063	11	5	0.482391	1	1
2063	11	6	0.516318	0	2
2063	11	7	0.550246	0	3
2063	11	8	0.584174	0	4
2063	11	9	0.618102	0	5
2063	11	10	0.652029	0	6
2063	11	11	0.685957	0	7
2063	11	12	0.719885	0	1
2063	11	13	0.753813	0	2
2063	11	14	0.787740	0	3
2063	11	15	0.821668	0	4
2063	11	16	0.855596	0	5
2063	11	17	0.889524	0	6
2063	11	18	0.923451	0	7
2063	11	19	0.957379	2	1
2063	11	20	0.991307	0	2
2063	11	21	0.025145	0	3
2063	11	22	0.058952	0	4
2063	11	23	0.092760	0	5
2063	11	24	0.126567	0	6
2063	11	25	0.160374	0	7
2063	11	26	0.194181	0	1
2063	11	27	0.227989	0	2
2063	11	28	0.261796	0	3
2063	11	29	0.295603	0	4
2063	11	30	0.329411	0	5
2063	12	1	0.363218	0	6
2063	12	2	0.397025	0	7
2063	12	3	0.430832	0	1
2063	12	4	0.464640	0	2
2063	12	5	0.498447	1	3
2063	12	6	0.532254	0	4
2063	12	7	0.566062	0	5
2063	12	8	0.599869	0	6
2063	12	9	0.633676	0	7
2063	12	10	0.667483	0	1
2063	12	11	0.701291	0	2
2063	12	12	0.735098	0	3
2063	12	13	0.768905	0	4
2063	12	14	0.802712	0	5
2063	12	15	0.836520	0	6
2063	12	16	0.870327	0	7
2063	12	17	0.904134	0	1
2063	12	18	0.937942	0	2
2063	12	19	0.971749	2	3
2063	12	20	0.005536	0	4
2063	12	21	0.039217	0	5
2063	12	22	0.072899	0	6
2063	12	23	0.106581	0	7
2063	12	24	0.140263	0	1
2063	12	25	0.173945	0	2
2063	12	26	0.207627	0	3
2063	12	27	0.241308	0	4
2063	12	28	0.274990	0	5
2063	12	29	0.308672	0	6
2063	12	30	0.342354	0	7
2063	12	31	0.376036	0	1
