# [1] = year, [2] = month, [3] = day, [4] = lunar phase,
# [5] = label (1 = full, 2 = new), 
# [6] = day of week (1 = monday, 7 = sunday) 
# 
# calculated in PST using the pyephem package.
# 
2070	1	1	0.614192	0	3
2070	1	2	0.647818	0	4
2070	1	3	0.681443	0	5
2070	1	4	0.715069	0	6
2070	1	5	0.748694	0	7
2070	1	6	0.782320	0	1
2070	1	7	0.815946	0	2
2070	1	8	0.849571	0	3
2070	1	9	0.883197	0	4
2070	1	10	0.916822	0	5
2070	1	11	0.950448	0	6
2070	1	12	0.984073	2	7
2070	1	13	0.017755	0	1
2070	1	14	0.051486	0	2
2070	1	15	0.085218	0	3
2070	1	16	0.118950	0	4
2070	1	17	0.152682	0	5
2070	1	18	0.186413	0	6
2070	1	19	0.220145	0	7
2070	1	20	0.253877	0	1
2070	1	21	0.287608	0	2
2070	1	22	0.321340	0	3
2070	1	23	0.355072	0	4
2070	1	24	0.388804	0	5
2070	1	25	0.422535	0	6
2070	1	26	0.456267	1	7
2070	1	27	0.489999	0	1
2070	1	28	0.523730	0	2
2070	1	29	0.557462	0	3
2070	1	30	0.591194	0	4
2070	1	31	0.624926	0	5
2070	2	1	0.658657	0	6
2070	2	2	0.692389	0	7
2070	2	3	0.726121	0	1
2070	2	4	0.759852	0	2
2070	2	5	0.793584	0	3
2070	2	6	0.827316	0	4
2070	2	7	0.861048	0	5
2070	2	8	0.894779	0	6
2070	2	9	0.928511	0	7
2070	2	10	0.962243	2	1
2070	2	11	0.995974	0	2
2070	2	12	0.029811	0	3
2070	2	13	0.063661	0	4
2070	2	14	0.097512	0	5
2070	2	15	0.131363	0	6
2070	2	16	0.165213	0	7
2070	2	17	0.199064	0	1
2070	2	18	0.232915	0	2
2070	2	19	0.266765	0	3
2070	2	20	0.300616	0	4
2070	2	21	0.334467	0	5
2070	2	22	0.368317	0	6
2070	2	23	0.402168	0	7
2070	2	24	0.436019	1	1
2070	2	25	0.469869	0	2
2070	2	26	0.503720	0	3
2070	2	27	0.537571	0	4
2070	2	28	0.571421	0	5
2070	3	1	0.605272	0	6
2070	3	2	0.639123	0	7
2070	3	3	0.672973	0	1
2070	3	4	0.706824	0	2
2070	3	5	0.740675	0	3
2070	3	6	0.774525	0	4
2070	3	7	0.808376	0	5
2070	3	8	0.842227	0	6
2070	3	9	0.876077	0	7
2070	3	10	0.909928	0	1
2070	3	11	0.943778	0	2
2070	3	12	0.977629	2	3
2070	3	13	0.011518	0	4
2070	3	14	0.045482	0	5
2070	3	15	0.079446	0	6
2070	3	16	0.113409	0	7
2070	3	17	0.147373	0	1
2070	3	18	0.181337	0	2
2070	3	19	0.215301	0	3
2070	3	20	0.249264	0	4
2070	3	21	0.283228	0	5
2070	3	22	0.317192	0	6
2070	3	23	0.351155	0	7
2070	3	24	0.385119	0	1
2070	3	25	0.419083	0	2
2070	3	26	0.453047	1	3
2070	3	27	0.487010	0	4
2070	3	28	0.520974	0	5
2070	3	29	0.554938	0	6
2070	3	30	0.588902	0	7
2070	3	31	0.622865	0	1
2070	4	1	0.656829	0	2
2070	4	2	0.690793	0	3
2070	4	3	0.724756	0	4
2070	4	4	0.758720	0	5
2070	4	5	0.792684	0	6
2070	4	6	0.826648	0	7
2070	4	7	0.860611	0	1
2070	4	8	0.894575	0	2
2070	4	9	0.928539	0	3
2070	4	10	0.962503	2	4
2070	4	11	0.996466	0	5
2070	4	12	0.030516	0	6
2070	4	13	0.064576	0	7
2070	4	14	0.098637	0	1
2070	4	15	0.132697	0	2
2070	4	16	0.166757	0	3
2070	4	17	0.200817	0	4
2070	4	18	0.234877	0	5
2070	4	19	0.268937	0	6
2070	4	20	0.302997	0	7
2070	4	21	0.337058	0	1
2070	4	22	0.371118	0	2
2070	4	23	0.405178	0	3
2070	4	24	0.439238	0	4
2070	4	25	0.473298	1	5
2070	4	26	0.507358	0	6
2070	4	27	0.541418	0	7
2070	4	28	0.575478	0	1
2070	4	29	0.609539	0	2
2070	4	30	0.643599	0	3
2070	5	1	0.677659	0	4
2070	5	2	0.711719	0	5
2070	5	3	0.745779	0	6
2070	5	4	0.779839	0	7
2070	5	5	0.813899	0	1
2070	5	6	0.847960	0	2
2070	5	7	0.882020	0	3
2070	5	8	0.916080	0	4
2070	5	9	0.950140	0	5
2070	5	10	0.984200	2	6
2070	5	11	0.018296	0	7
2070	5	12	0.052422	0	1
2070	5	13	0.086549	0	2
2070	5	14	0.120676	0	3
2070	5	15	0.154802	0	4
2070	5	16	0.188929	0	5
2070	5	17	0.223056	0	6
2070	5	18	0.257182	0	7
2070	5	19	0.291309	0	1
2070	5	20	0.325435	0	2
2070	5	21	0.359562	0	3
2070	5	22	0.393689	0	4
2070	5	23	0.427815	0	5
2070	5	24	0.461942	1	6
2070	5	25	0.496068	0	7
2070	5	26	0.530195	0	1
2070	5	27	0.564322	0	2
2070	5	28	0.598448	0	3
2070	5	29	0.632575	0	4
2070	5	30	0.666702	0	5
2070	5	31	0.700828	0	6
2070	6	1	0.734955	0	7
2070	6	2	0.769081	0	1
2070	6	3	0.803208	0	2
2070	6	4	0.837335	0	3
2070	6	5	0.871461	0	4
2070	6	6	0.905588	0	5
2070	6	7	0.939715	0	6
2070	6	8	0.973841	2	7
2070	6	9	0.007973	0	1
2070	6	10	0.042120	0	2
2070	6	11	0.076267	0	3
2070	6	12	0.110414	0	4
2070	6	13	0.144561	0	5
2070	6	14	0.178709	0	6
2070	6	15	0.212856	0	7
2070	6	16	0.247003	0	1
2070	6	17	0.281150	0	2
2070	6	18	0.315297	0	3
2070	6	19	0.349445	0	4
2070	6	20	0.383592	0	5
2070	6	21	0.417739	0	6
2070	6	22	0.451886	0	7
2070	6	23	0.486033	1	1
2070	6	24	0.520180	0	2
2070	6	25	0.554328	0	3
2070	6	26	0.588475	0	4
2070	6	27	0.622622	0	5
2070	6	28	0.656769	0	6
2070	6	29	0.690916	0	7
2070	6	30	0.725064	0	1
2070	7	1	0.759211	0	2
2070	7	2	0.793358	0	3
2070	7	3	0.827505	0	4
2070	7	4	0.861652	0	5
2070	7	5	0.895800	0	6
2070	7	6	0.929947	0	7
2070	7	7	0.964094	2	1
2070	7	8	0.998241	0	2
2070	7	9	0.032353	0	3
2070	7	10	0.066462	0	4
2070	7	11	0.100572	0	5
2070	7	12	0.134682	0	6
2070	7	13	0.168791	0	7
2070	7	14	0.202901	0	1
2070	7	15	0.237010	0	2
2070	7	16	0.271120	0	3
2070	7	17	0.305230	0	4
2070	7	18	0.339339	0	5
2070	7	19	0.373449	0	6
2070	7	20	0.407558	0	7
2070	7	21	0.441668	0	1
2070	7	22	0.475777	0	2
2070	7	23	0.509887	1	3
2070	7	24	0.543997	0	4
2070	7	25	0.578106	0	5
2070	7	26	0.612216	0	6
2070	7	27	0.646325	0	7
2070	7	28	0.680435	0	1
2070	7	29	0.714545	0	2
2070	7	30	0.748654	0	3
2070	7	31	0.782764	0	4
2070	8	1	0.816873	0	5
2070	8	2	0.850983	0	6
2070	8	3	0.885093	0	7
2070	8	4	0.919202	0	1
2070	8	5	0.953312	0	2
2070	8	6	0.987421	2	3
2070	8	7	0.021470	0	4
2070	8	8	0.055482	0	5
2070	8	9	0.089495	0	6
2070	8	10	0.123508	0	7
2070	8	11	0.157520	0	1
2070	8	12	0.191533	0	2
2070	8	13	0.225546	0	3
2070	8	14	0.259558	0	4
2070	8	15	0.293571	0	5
2070	8	16	0.327584	0	6
2070	8	17	0.361596	0	7
2070	8	18	0.395609	0	1
2070	8	19	0.429622	0	2
2070	8	20	0.463634	0	3
2070	8	21	0.497647	1	4
2070	8	22	0.531660	0	5
2070	8	23	0.565672	0	6
2070	8	24	0.599685	0	7
2070	8	25	0.633698	0	1
2070	8	26	0.667710	0	2
2070	8	27	0.701723	0	3
2070	8	28	0.735736	0	4
2070	8	29	0.769748	0	5
2070	8	30	0.803761	0	6
2070	8	31	0.837773	0	7
2070	9	1	0.871786	0	1
2070	9	2	0.905799	0	2
2070	9	3	0.939811	0	3
2070	9	4	0.973824	2	4
2070	9	5	0.007804	0	5
2070	9	6	0.041677	0	6
2070	9	7	0.075549	0	7
2070	9	8	0.109421	0	1
2070	9	9	0.143294	0	2
2070	9	10	0.177166	0	3
2070	9	11	0.211038	0	4
2070	9	12	0.244911	0	5
2070	9	13	0.278783	0	6
2070	9	14	0.312655	0	7
2070	9	15	0.346527	0	1
2070	9	16	0.380400	0	2
2070	9	17	0.414272	0	3
2070	9	18	0.448144	0	4
2070	9	19	0.482017	0	5
2070	9	20	0.515889	1	6
2070	9	21	0.549761	0	7
2070	9	22	0.583634	0	1
2070	9	23	0.617506	0	2
2070	9	24	0.651378	0	3
2070	9	25	0.685250	0	4
2070	9	26	0.719123	0	5
2070	9	27	0.752995	0	6
2070	9	28	0.786867	0	7
2070	9	29	0.820740	0	1
2070	9	30	0.854612	0	2
2070	10	1	0.888484	0	3
2070	10	2	0.922357	0	4
2070	10	3	0.956229	0	5
2070	10	4	0.990101	2	6
2070	10	5	0.023868	0	7
2070	10	6	0.057590	0	1
2070	10	7	0.091313	0	2
2070	10	8	0.125035	0	3
2070	10	9	0.158758	0	4
2070	10	10	0.192480	0	5
2070	10	11	0.226203	0	6
2070	10	12	0.259925	0	7
2070	10	13	0.293648	0	1
2070	10	14	0.327370	0	2
2070	10	15	0.361093	0	3
2070	10	16	0.394816	0	4
2070	10	17	0.428538	0	5
2070	10	18	0.462261	0	6
2070	10	19	0.495983	1	7
2070	10	20	0.529706	0	1
2070	10	21	0.563428	0	2
2070	10	22	0.597151	0	3
2070	10	23	0.630873	0	4
2070	10	24	0.664596	0	5
2070	10	25	0.698318	0	6
2070	10	26	0.732041	0	7
2070	10	27	0.765764	0	1
2070	10	28	0.799486	0	2
2070	10	29	0.833209	0	3
2070	10	30	0.866931	0	4
2070	10	31	0.900654	0	5
2070	11	1	0.934376	0	6
2070	11	2	0.968099	2	7
2070	11	3	0.001815	0	1
2070	11	4	0.035420	0	2
2070	11	5	0.069025	0	3
2070	11	6	0.102630	0	4
2070	11	7	0.136234	0	5
2070	11	8	0.169839	0	6
2070	11	9	0.203444	0	7
2070	11	10	0.237049	0	1
2070	11	11	0.270654	0	2
2070	11	12	0.304259	0	3
2070	11	13	0.337864	0	4
2070	11	14	0.371469	0	5
2070	11	15	0.405073	0	6
2070	11	16	0.438678	0	7
2070	11	17	0.472283	1	1
2070	11	18	0.505888	0	2
2070	11	19	0.539493	0	3
2070	11	20	0.573098	0	4
2070	11	21	0.606703	0	5
2070	11	22	0.640307	0	6
2070	11	23	0.673912	0	7
2070	11	24	0.707517	0	1
2070	11	25	0.741122	0	2
2070	11	26	0.774727	0	3
2070	11	27	0.808332	0	4
2070	11	28	0.841937	0	5
2070	11	29	0.875541	0	6
2070	11	30	0.909146	0	7
2070	12	1	0.942751	0	1
2070	12	2	0.976356	2	2
2070	12	3	0.009945	0	3
2070	12	4	0.043494	0	4
2070	12	5	0.077044	0	5
2070	12	6	0.110593	0	6
2070	12	7	0.144143	0	7
2070	12	8	0.177692	0	1
2070	12	9	0.211242	0	2
2070	12	10	0.244791	0	3
2070	12	11	0.278341	0	4
2070	12	12	0.311891	0	5
2070	12	13	0.345440	0	6
2070	12	14	0.378990	0	7
2070	12	15	0.412539	0	1
2070	12	16	0.446089	0	2
2070	12	17	0.479638	1	3
2070	12	18	0.513188	0	4
2070	12	19	0.546737	0	5
2070	12	20	0.580287	0	6
2070	12	21	0.613837	0	7
2070	12	22	0.647386	0	1
2070	12	23	0.680936	0	2
2070	12	24	0.714485	0	3
2070	12	25	0.748035	0	4
2070	12	26	0.781584	0	5
2070	12	27	0.815134	0	6
2070	12	28	0.848683	0	7
2070	12	29	0.882233	0	1
2070	12	30	0.915783	0	2
2070	12	31	0.949332	0	3
