# [1] = year, [2] = month, [3] = day, [4] = lunar phase,
# [5] = label (1 = full, 2 = new), 
# [6] = day of week (1 = monday, 7 = sunday) 
# 
# calculated in PST using the pyephem package.
# 
2095	1	1	0.817463	0	6
2095	1	2	0.851279	0	7
2095	1	3	0.885095	0	1
2095	1	4	0.918912	0	2
2095	1	5	0.952728	0	3
2095	1	6	0.986544	2	4
2095	1	7	0.020412	0	5
2095	1	8	0.054314	0	6
2095	1	9	0.088216	0	7
2095	1	10	0.122119	0	1
2095	1	11	0.156021	0	2
2095	1	12	0.189923	0	3
2095	1	13	0.223825	0	4
2095	1	14	0.257728	0	5
2095	1	15	0.291630	0	6
2095	1	16	0.325532	0	7
2095	1	17	0.359434	0	1
2095	1	18	0.393337	0	2
2095	1	19	0.427239	0	3
2095	1	20	0.461141	1	4
2095	1	21	0.495043	0	5
2095	1	22	0.528946	0	6
2095	1	23	0.562848	0	7
2095	1	24	0.596750	0	1
2095	1	25	0.630652	0	2
2095	1	26	0.664555	0	3
2095	1	27	0.698457	0	4
2095	1	28	0.732359	0	5
2095	1	29	0.766261	0	6
2095	1	30	0.800164	0	7
2095	1	31	0.834066	0	1
2095	2	1	0.867968	0	2
2095	2	2	0.901870	0	3
2095	2	3	0.935773	0	4
2095	2	4	0.969675	2	5
2095	2	5	0.003586	0	6
2095	2	6	0.037572	0	7
2095	2	7	0.071558	0	1
2095	2	8	0.105544	0	2
2095	2	9	0.139530	0	3
2095	2	10	0.173516	0	4
2095	2	11	0.207502	0	5
2095	2	12	0.241488	0	6
2095	2	13	0.275474	0	7
2095	2	14	0.309460	0	1
2095	2	15	0.343446	0	2
2095	2	16	0.377432	0	3
2095	2	17	0.411418	0	4
2095	2	18	0.445404	1	5
2095	2	19	0.479390	0	6
2095	2	20	0.513376	0	7
2095	2	21	0.547362	0	1
2095	2	22	0.581348	0	2
2095	2	23	0.615334	0	3
2095	2	24	0.649320	0	4
2095	2	25	0.683306	0	5
2095	2	26	0.717292	0	6
2095	2	27	0.751278	0	7
2095	2	28	0.785264	0	1
2095	3	1	0.819250	0	2
2095	3	2	0.853236	0	3
2095	3	3	0.887222	0	4
2095	3	4	0.921208	0	5
2095	3	5	0.955194	2	6
2095	3	6	0.989180	0	7
2095	3	7	0.023206	0	1
2095	3	8	0.057251	0	2
2095	3	9	0.091296	0	3
2095	3	10	0.125341	0	4
2095	3	11	0.159387	0	5
2095	3	12	0.193432	0	6
2095	3	13	0.227477	0	7
2095	3	14	0.261522	0	1
2095	3	15	0.295567	0	2
2095	3	16	0.329612	0	3
2095	3	17	0.363657	0	4
2095	3	18	0.397703	0	5
2095	3	19	0.431748	0	6
2095	3	20	0.465793	1	7
2095	3	21	0.499838	0	1
2095	3	22	0.533883	0	2
2095	3	23	0.567928	0	3
2095	3	24	0.601974	0	4
2095	3	25	0.636019	0	5
2095	3	26	0.670064	0	6
2095	3	27	0.704109	0	7
2095	3	28	0.738154	0	1
2095	3	29	0.772199	0	2
2095	3	30	0.806244	0	3
2095	3	31	0.840290	0	4
2095	4	1	0.874335	0	5
2095	4	2	0.908380	0	6
2095	4	3	0.942425	0	7
2095	4	4	0.976470	2	1
2095	4	5	0.010522	0	2
2095	4	6	0.044589	0	3
2095	4	7	0.078655	0	4
2095	4	8	0.112722	0	5
2095	4	9	0.146789	0	6
2095	4	10	0.180856	0	7
2095	4	11	0.214922	0	1
2095	4	12	0.248989	0	2
2095	4	13	0.283056	0	3
2095	4	14	0.317122	0	4
2095	4	15	0.351189	0	5
2095	4	16	0.385256	0	6
2095	4	17	0.419322	0	7
2095	4	18	0.453389	0	1
2095	4	19	0.487456	1	2
2095	4	20	0.521523	0	3
2095	4	21	0.555589	0	4
2095	4	22	0.589656	0	5
2095	4	23	0.623723	0	6
2095	4	24	0.657789	0	7
2095	4	25	0.691856	0	1
2095	4	26	0.725923	0	2
2095	4	27	0.759989	0	3
2095	4	28	0.794056	0	4
2095	4	29	0.828123	0	5
2095	4	30	0.862190	0	6
2095	5	1	0.896256	0	7
2095	5	2	0.930323	0	1
2095	5	3	0.964390	2	2
2095	5	4	0.998456	0	3
2095	5	5	0.032506	0	4
2095	5	6	0.066555	0	5
2095	5	7	0.100604	0	6
2095	5	8	0.134653	0	7
2095	5	9	0.168702	0	1
2095	5	10	0.202751	0	2
2095	5	11	0.236799	0	3
2095	5	12	0.270848	0	4
2095	5	13	0.304897	0	5
2095	5	14	0.338946	0	6
2095	5	15	0.372995	0	7
2095	5	16	0.407044	0	1
2095	5	17	0.441093	0	2
2095	5	18	0.475142	0	3
2095	5	19	0.509190	1	4
2095	5	20	0.543239	0	5
2095	5	21	0.577288	0	6
2095	5	22	0.611337	0	7
2095	5	23	0.645386	0	1
2095	5	24	0.679435	0	2
2095	5	25	0.713484	0	3
2095	5	26	0.747533	0	4
2095	5	27	0.781582	0	5
2095	5	28	0.815630	0	6
2095	5	29	0.849679	0	7
2095	5	30	0.883728	0	1
2095	5	31	0.917777	0	2
2095	6	1	0.951826	0	3
2095	6	2	0.985875	2	4
2095	6	3	0.019894	0	5
2095	6	4	0.053891	0	6
2095	6	5	0.087888	0	7
2095	6	6	0.121885	0	1
2095	6	7	0.155882	0	2
2095	6	8	0.189879	0	3
2095	6	9	0.223877	0	4
2095	6	10	0.257874	0	5
2095	6	11	0.291871	0	6
2095	6	12	0.325868	0	7
2095	6	13	0.359865	0	1
2095	6	14	0.393863	0	2
2095	6	15	0.427860	0	3
2095	6	16	0.461857	0	4
2095	6	17	0.495854	1	5
2095	6	18	0.529851	0	6
2095	6	19	0.563849	0	7
2095	6	20	0.597846	0	1
2095	6	21	0.631843	0	2
2095	6	22	0.665840	0	3
2095	6	23	0.699837	0	4
2095	6	24	0.733835	0	5
2095	6	25	0.767832	0	6
2095	6	26	0.801829	0	7
2095	6	27	0.835826	0	1
2095	6	28	0.869823	0	2
2095	6	29	0.903821	0	3
2095	6	30	0.937818	0	4
2095	7	1	0.971815	2	5
2095	7	2	0.005799	0	6
2095	7	3	0.039718	0	7
2095	7	4	0.073636	0	1
2095	7	5	0.107555	0	2
2095	7	6	0.141474	0	3
2095	7	7	0.175393	0	4
2095	7	8	0.209312	0	5
2095	7	9	0.243231	0	6
2095	7	10	0.277150	0	7
2095	7	11	0.311068	0	1
2095	7	12	0.344987	0	2
2095	7	13	0.378906	0	3
2095	7	14	0.412825	0	4
2095	7	15	0.446744	0	5
2095	7	16	0.480663	0	6
2095	7	17	0.514582	1	7
2095	7	18	0.548500	0	1
2095	7	19	0.582419	0	2
2095	7	20	0.616338	0	3
2095	7	21	0.650257	0	4
2095	7	22	0.684176	0	5
2095	7	23	0.718095	0	6
2095	7	24	0.752013	0	7
2095	7	25	0.785932	0	1
2095	7	26	0.819851	0	2
2095	7	27	0.853770	0	3
2095	7	28	0.887689	0	4
2095	7	29	0.921608	0	5
2095	7	30	0.955527	0	6
2095	7	31	0.989445	2	7
2095	8	1	0.023297	0	1
2095	8	2	0.057118	0	2
2095	8	3	0.090939	0	3
2095	8	4	0.124761	0	4
2095	8	5	0.158582	0	5
2095	8	6	0.192403	0	6
2095	8	7	0.226224	0	7
2095	8	8	0.260046	0	1
2095	8	9	0.293867	0	2
2095	8	10	0.327688	0	3
2095	8	11	0.361509	0	4
2095	8	12	0.395331	0	5
2095	8	13	0.429152	0	6
2095	8	14	0.462973	0	7
2095	8	15	0.496794	1	1
2095	8	16	0.530615	0	2
2095	8	17	0.564437	0	3
2095	8	18	0.598258	0	4
2095	8	19	0.632079	0	5
2095	8	20	0.665900	0	6
2095	8	21	0.699722	0	7
2095	8	22	0.733543	0	1
2095	8	23	0.767364	0	2
2095	8	24	0.801185	0	3
2095	8	25	0.835007	0	4
2095	8	26	0.868828	0	5
2095	8	27	0.902649	0	6
2095	8	28	0.936470	0	7
2095	8	29	0.970291	2	1
2095	8	30	0.004100	0	2
2095	8	31	0.037817	0	3
2095	9	1	0.071534	0	4
2095	9	2	0.105251	0	5
2095	9	3	0.138967	0	6
2095	9	4	0.172684	0	7
2095	9	5	0.206401	0	1
2095	9	6	0.240118	0	2
2095	9	7	0.273835	0	3
2095	9	8	0.307552	0	4
2095	9	9	0.341269	0	5
2095	9	10	0.374985	0	6
2095	9	11	0.408702	0	7
2095	9	12	0.442419	0	1
2095	9	13	0.476136	1	2
2095	9	14	0.509853	0	3
2095	9	15	0.543570	0	4
2095	9	16	0.577287	0	5
2095	9	17	0.611003	0	6
2095	9	18	0.644720	0	7
2095	9	19	0.678437	0	1
2095	9	20	0.712154	0	2
2095	9	21	0.745871	0	3
2095	9	22	0.779588	0	4
2095	9	23	0.813305	0	5
2095	9	24	0.847021	0	6
2095	9	25	0.880738	0	7
2095	9	26	0.914455	0	1
2095	9	27	0.948172	0	2
2095	9	28	0.981889	2	3
2095	9	29	0.015566	0	4
2095	9	30	0.049196	0	5
2095	10	1	0.082827	0	6
2095	10	2	0.116457	0	7
2095	10	3	0.150088	0	1
2095	10	4	0.183718	0	2
2095	10	5	0.217349	0	3
2095	10	6	0.250979	0	4
2095	10	7	0.284610	0	5
2095	10	8	0.318240	0	6
2095	10	9	0.351871	0	7
2095	10	10	0.385501	0	1
2095	10	11	0.419132	0	2
2095	10	12	0.452762	0	3
2095	10	13	0.486393	1	4
2095	10	14	0.520023	0	5
2095	10	15	0.553654	0	6
2095	10	16	0.587284	0	7
2095	10	17	0.620915	0	1
2095	10	18	0.654545	0	2
2095	10	19	0.688176	0	3
2095	10	20	0.721806	0	4
2095	10	21	0.755437	0	5
2095	10	22	0.789067	0	6
2095	10	23	0.822697	0	7
2095	10	24	0.856328	0	1
2095	10	25	0.889958	0	2
2095	10	26	0.923589	0	3
2095	10	27	0.957219	2	4
2095	10	28	0.990850	0	5
2095	10	29	0.024456	0	6
2095	10	30	0.058052	0	7
2095	10	31	0.091648	0	1
2095	11	1	0.125245	0	2
2095	11	2	0.158841	0	3
2095	11	3	0.192437	0	4
2095	11	4	0.226034	0	5
2095	11	5	0.259630	0	6
2095	11	6	0.293226	0	7
2095	11	7	0.326823	0	1
2095	11	8	0.360419	0	2
2095	11	9	0.394015	0	3
2095	11	10	0.427612	0	4
2095	11	11	0.461208	1	5
2095	11	12	0.494805	0	6
2095	11	13	0.528401	0	7
2095	11	14	0.561997	0	1
2095	11	15	0.595594	0	2
2095	11	16	0.629190	0	3
2095	11	17	0.662786	0	4
2095	11	18	0.696383	0	5
2095	11	19	0.729979	0	6
2095	11	20	0.763575	0	7
2095	11	21	0.797172	0	1
2095	11	22	0.830768	0	2
2095	11	23	0.864364	0	3
2095	11	24	0.897961	0	4
2095	11	25	0.931557	0	5
2095	11	26	0.965153	2	6
2095	11	27	0.998750	0	7
2095	11	28	0.032385	0	1
2095	11	29	0.066022	0	2
2095	11	30	0.099659	0	3
2095	12	1	0.133295	0	4
2095	12	2	0.166932	0	5
2095	12	3	0.200569	0	6
2095	12	4	0.234206	0	7
2095	12	5	0.267842	0	1
2095	12	6	0.301479	0	2
2095	12	7	0.335116	0	3
2095	12	8	0.368753	0	4
2095	12	9	0.402389	0	5
2095	12	10	0.436026	1	6
2095	12	11	0.469663	0	7
2095	12	12	0.503300	0	1
2095	12	13	0.536936	0	2
2095	12	14	0.570573	0	3
2095	12	15	0.604210	0	4
2095	12	16	0.637847	0	5
2095	12	17	0.671483	0	6
2095	12	18	0.705120	0	7
2095	12	19	0.738757	0	1
2095	12	20	0.772394	0	2
2095	12	21	0.806030	0	3
2095	12	22	0.839667	0	4
2095	12	23	0.873304	0	5
2095	12	24	0.906941	0	6
2095	12	25	0.940577	0	7
2095	12	26	0.974214	2	1
2095	12	27	0.007875	0	2
2095	12	28	0.041614	0	3
2095	12	29	0.075353	0	4
2095	12	30	0.109092	0	5
2095	12	31	0.142831	0	6
