# [1] = year, [2] = month, [3] = day, [4] = lunar phase,
# [5] = label (1 = full, 2 = new), 
# [6] = day of week (1 = monday, 7 = sunday) 
# 
# calculated in PST using the pyephem package.
# 
2098	1	1	0.946123	0	3
2098	1	2	0.979685	2	4
2098	1	3	0.013242	0	5
2098	1	4	0.046791	0	6
2098	1	5	0.080341	0	7
2098	1	6	0.113890	0	1
2098	1	7	0.147439	0	2
2098	1	8	0.180989	0	3
2098	1	9	0.214538	0	4
2098	1	10	0.248088	0	5
2098	1	11	0.281637	0	6
2098	1	12	0.315186	0	7
2098	1	13	0.348736	0	1
2098	1	14	0.382285	0	2
2098	1	15	0.415835	0	3
2098	1	16	0.449384	0	4
2098	1	17	0.482933	1	5
2098	1	18	0.516483	0	6
2098	1	19	0.550032	0	7
2098	1	20	0.583582	0	1
2098	1	21	0.617131	0	2
2098	1	22	0.650680	0	3
2098	1	23	0.684230	0	4
2098	1	24	0.717779	0	5
2098	1	25	0.751329	0	6
2098	1	26	0.784878	0	7
2098	1	27	0.818427	0	1
2098	1	28	0.851977	0	2
2098	1	29	0.885526	0	3
2098	1	30	0.919076	0	4
2098	1	31	0.952625	0	5
2098	2	1	0.986174	2	6
2098	2	2	0.019758	0	7
2098	2	3	0.053364	0	1
2098	2	4	0.086971	0	2
2098	2	5	0.120578	0	3
2098	2	6	0.154185	0	4
2098	2	7	0.187792	0	5
2098	2	8	0.221399	0	6
2098	2	9	0.255006	0	7
2098	2	10	0.288613	0	1
2098	2	11	0.322220	0	2
2098	2	12	0.355827	0	3
2098	2	13	0.389434	0	4
2098	2	14	0.423041	0	5
2098	2	15	0.456648	1	6
2098	2	16	0.490255	0	7
2098	2	17	0.523862	0	1
2098	2	18	0.557468	0	2
2098	2	19	0.591075	0	3
2098	2	20	0.624682	0	4
2098	2	21	0.658289	0	5
2098	2	22	0.691896	0	6
2098	2	23	0.725503	0	7
2098	2	24	0.759110	0	1
2098	2	25	0.792717	0	2
2098	2	26	0.826324	0	3
2098	2	27	0.859931	0	4
2098	2	28	0.893538	0	5
2098	3	1	0.927145	0	6
2098	3	2	0.960752	2	7
2098	3	3	0.994359	0	1
2098	3	4	0.028059	0	2
2098	3	5	0.061779	0	3
2098	3	6	0.095499	0	4
2098	3	7	0.129219	0	5
2098	3	8	0.162939	0	6
2098	3	9	0.196659	0	7
2098	3	10	0.230379	0	1
2098	3	11	0.264098	0	2
2098	3	12	0.297818	0	3
2098	3	13	0.331538	0	4
2098	3	14	0.365258	0	5
2098	3	15	0.398978	0	6
2098	3	16	0.432698	0	7
2098	3	17	0.466418	1	1
2098	3	18	0.500137	0	2
2098	3	19	0.533857	0	3
2098	3	20	0.567577	0	4
2098	3	21	0.601297	0	5
2098	3	22	0.635017	0	6
2098	3	23	0.668737	0	7
2098	3	24	0.702457	0	1
2098	3	25	0.736176	0	2
2098	3	26	0.769896	0	3
2098	3	27	0.803616	0	4
2098	3	28	0.837336	0	5
2098	3	29	0.871056	0	6
2098	3	30	0.904776	0	7
2098	3	31	0.938496	0	1
2098	4	1	0.972215	2	2
2098	4	2	0.005960	0	3
2098	4	3	0.039823	0	4
2098	4	4	0.073686	0	5
2098	4	5	0.107548	0	6
2098	4	6	0.141411	0	7
2098	4	7	0.175274	0	1
2098	4	8	0.209136	0	2
2098	4	9	0.242999	0	3
2098	4	10	0.276862	0	4
2098	4	11	0.310724	0	5
2098	4	12	0.344587	0	6
2098	4	13	0.378449	0	7
2098	4	14	0.412312	0	1
2098	4	15	0.446175	1	2
2098	4	16	0.480037	0	3
2098	4	17	0.513900	0	4
2098	4	18	0.547763	0	5
2098	4	19	0.581625	0	6
2098	4	20	0.615488	0	7
2098	4	21	0.649351	0	1
2098	4	22	0.683213	0	2
2098	4	23	0.717076	0	3
2098	4	24	0.750939	0	4
2098	4	25	0.784801	0	5
2098	4	26	0.818664	0	6
2098	4	27	0.852527	0	7
2098	4	28	0.886389	0	1
2098	4	29	0.920252	0	2
2098	4	30	0.954114	0	3
2098	5	1	0.987977	2	4
2098	5	2	0.021929	0	5
2098	5	3	0.055931	0	6
2098	5	4	0.089932	0	7
2098	5	5	0.123934	0	1
2098	5	6	0.157935	0	2
2098	5	7	0.191937	0	3
2098	5	8	0.225938	0	4
2098	5	9	0.259940	0	5
2098	5	10	0.293941	0	6
2098	5	11	0.327943	0	7
2098	5	12	0.361945	0	1
2098	5	13	0.395946	0	2
2098	5	14	0.429948	0	3
2098	5	15	0.463949	1	4
2098	5	16	0.497951	0	5
2098	5	17	0.531952	0	6
2098	5	18	0.565954	0	7
2098	5	19	0.599955	0	1
2098	5	20	0.633957	0	2
2098	5	21	0.667958	0	3
2098	5	22	0.701960	0	4
2098	5	23	0.735961	0	5
2098	5	24	0.769963	0	6
2098	5	25	0.803964	0	7
2098	5	26	0.837966	0	1
2098	5	27	0.871967	0	2
2098	5	28	0.905969	0	3
2098	5	29	0.939970	0	4
2098	5	30	0.973972	2	5
2098	5	31	0.007998	0	6
2098	6	1	0.042102	0	7
2098	6	2	0.076207	0	1
2098	6	3	0.110311	0	2
2098	6	4	0.144416	0	3
2098	6	5	0.178520	0	4
2098	6	6	0.212625	0	5
2098	6	7	0.246729	0	6
2098	6	8	0.280834	0	7
2098	6	9	0.314938	0	1
2098	6	10	0.349043	0	2
2098	6	11	0.383147	0	3
2098	6	12	0.417252	0	4
2098	6	13	0.451357	1	5
2098	6	14	0.485461	0	6
2098	6	15	0.519566	0	7
2098	6	16	0.553670	0	1
2098	6	17	0.587775	0	2
2098	6	18	0.621879	0	3
2098	6	19	0.655984	0	4
2098	6	20	0.690088	0	5
2098	6	21	0.724193	0	6
2098	6	22	0.758297	0	7
2098	6	23	0.792402	0	1
2098	6	24	0.826506	0	2
2098	6	25	0.860611	0	3
2098	6	26	0.894715	0	4
2098	6	27	0.928820	0	5
2098	6	28	0.962925	2	6
2098	6	29	0.997029	0	7
2098	6	30	0.031177	0	1
2098	7	1	0.065328	0	2
2098	7	2	0.099480	0	3
2098	7	3	0.133632	0	4
2098	7	4	0.167783	0	5
2098	7	5	0.201935	0	6
2098	7	6	0.236087	0	7
2098	7	7	0.270238	0	1
2098	7	8	0.304390	0	2
2098	7	9	0.338542	0	3
2098	7	10	0.372693	0	4
2098	7	11	0.406845	0	5
2098	7	12	0.440997	0	6
2098	7	13	0.475148	1	7
2098	7	14	0.509300	0	1
2098	7	15	0.543452	0	2
2098	7	16	0.577603	0	3
2098	7	17	0.611755	0	4
2098	7	18	0.645907	0	5
2098	7	19	0.680058	0	6
2098	7	20	0.714210	0	7
2098	7	21	0.748362	0	1
2098	7	22	0.782513	0	2
2098	7	23	0.816665	0	3
2098	7	24	0.850817	0	4
2098	7	25	0.884968	0	5
2098	7	26	0.919120	0	6
2098	7	27	0.953272	0	7
2098	7	28	0.987423	2	1
2098	7	29	0.021566	0	2
2098	7	30	0.055704	0	3
2098	7	31	0.089842	0	4
2098	8	1	0.123980	0	5
2098	8	2	0.158118	0	6
2098	8	3	0.192256	0	7
2098	8	4	0.226394	0	1
2098	8	5	0.260532	0	2
2098	8	6	0.294670	0	3
2098	8	7	0.328808	0	4
2098	8	8	0.362946	0	5
2098	8	9	0.397084	0	6
2098	8	10	0.431221	0	7
2098	8	11	0.465359	1	1
2098	8	12	0.499497	0	2
2098	8	13	0.533635	0	3
2098	8	14	0.567773	0	4
2098	8	15	0.601911	0	5
2098	8	16	0.636049	0	6
2098	8	17	0.670187	0	7
2098	8	18	0.704325	0	1
2098	8	19	0.738463	0	2
2098	8	20	0.772601	0	3
2098	8	21	0.806739	0	4
2098	8	22	0.840877	0	5
2098	8	23	0.875015	0	6
2098	8	24	0.909153	0	7
2098	8	25	0.943291	0	1
2098	8	26	0.977429	2	2
2098	8	27	0.011544	0	3
2098	8	28	0.045615	0	4
2098	8	29	0.079687	0	5
2098	8	30	0.113758	0	6
2098	8	31	0.147829	0	7
2098	9	1	0.181901	0	1
2098	9	2	0.215972	0	2
2098	9	3	0.250044	0	3
2098	9	4	0.284115	0	4
2098	9	5	0.318186	0	5
2098	9	6	0.352258	0	6
2098	9	7	0.386329	0	7
2098	9	8	0.420400	0	1
2098	9	9	0.454472	0	2
2098	9	10	0.488543	1	3
2098	9	11	0.522614	0	4
2098	9	12	0.556686	0	5
2098	9	13	0.590757	0	6
2098	9	14	0.624829	0	7
2098	9	15	0.658900	0	1
2098	9	16	0.692971	0	2
2098	9	17	0.727043	0	3
2098	9	18	0.761114	0	4
2098	9	19	0.795185	0	5
2098	9	20	0.829257	0	6
2098	9	21	0.863328	0	7
2098	9	22	0.897400	0	1
2098	9	23	0.931471	0	2
2098	9	24	0.965542	2	3
2098	9	25	0.999614	0	4
2098	9	26	0.033583	0	5
2098	9	27	0.067552	0	6
2098	9	28	0.101521	0	7
2098	9	29	0.135489	0	1
2098	9	30	0.169458	0	2
2098	10	1	0.203426	0	3
2098	10	2	0.237395	0	4
2098	10	3	0.271364	0	5
2098	10	4	0.305332	0	6
2098	10	5	0.339301	0	7
2098	10	6	0.373270	0	1
2098	10	7	0.407238	0	2
2098	10	8	0.441207	0	3
2098	10	9	0.475175	0	4
2098	10	10	0.509144	1	5
2098	10	11	0.543113	0	6
2098	10	12	0.577081	0	7
2098	10	13	0.611050	0	1
2098	10	14	0.645018	0	2
2098	10	15	0.678987	0	3
2098	10	16	0.712956	0	4
2098	10	17	0.746924	0	5
2098	10	18	0.780893	0	6
2098	10	19	0.814862	0	7
2098	10	20	0.848830	0	1
2098	10	21	0.882799	0	2
2098	10	22	0.916767	0	3
2098	10	23	0.950736	0	4
2098	10	24	0.984705	2	5
2098	10	25	0.018607	0	6
2098	10	26	0.052456	0	7
2098	10	27	0.086305	0	1
2098	10	28	0.120154	0	2
2098	10	29	0.154003	0	3
2098	10	30	0.187852	0	4
2098	10	31	0.221701	0	5
2098	11	1	0.255550	0	6
2098	11	2	0.289399	0	7
2098	11	3	0.323247	0	1
2098	11	4	0.357096	0	2
2098	11	5	0.390945	0	3
2098	11	6	0.424794	0	4
2098	11	7	0.458643	0	5
2098	11	8	0.492492	1	6
2098	11	9	0.526341	0	7
2098	11	10	0.560190	0	1
2098	11	11	0.594039	0	2
2098	11	12	0.627888	0	3
2098	11	13	0.661736	0	4
2098	11	14	0.695585	0	5
2098	11	15	0.729434	0	6
2098	11	16	0.763283	0	7
2098	11	17	0.797132	0	1
2098	11	18	0.830981	0	2
2098	11	19	0.864830	0	3
2098	11	20	0.898679	0	4
2098	11	21	0.932528	0	5
2098	11	22	0.966376	2	6
2098	11	23	0.000225	0	7
2098	11	24	0.033954	0	1
2098	11	25	0.067683	0	2
2098	11	26	0.101412	0	3
2098	11	27	0.135141	0	4
2098	11	28	0.168870	0	5
2098	11	29	0.202599	0	6
2098	11	30	0.236328	0	7
2098	12	1	0.270057	0	1
2098	12	2	0.303786	0	2
2098	12	3	0.337515	0	3
2098	12	4	0.371244	0	4
2098	12	5	0.404973	0	5
2098	12	6	0.438702	0	6
2098	12	7	0.472431	0	7
2098	12	8	0.506160	1	1
2098	12	9	0.539889	0	2
2098	12	10	0.573618	0	3
2098	12	11	0.607347	0	4
2098	12	12	0.641076	0	5
2098	12	13	0.674805	0	6
2098	12	14	0.708534	0	7
2098	12	15	0.742263	0	1
2098	12	16	0.775992	0	2
2098	12	17	0.809721	0	3
2098	12	18	0.843450	0	4
2098	12	19	0.877179	0	5
2098	12	20	0.910908	0	6
2098	12	21	0.944637	0	7
2098	12	22	0.978367	2	1
2098	12	23	0.012059	0	2
2098	12	24	0.045685	0	3
2098	12	25	0.079312	0	4
2098	12	26	0.112939	0	5
2098	12	27	0.146565	0	6
2098	12	28	0.180192	0	7
2098	12	29	0.213818	0	1
2098	12	30	0.247445	0	2
2098	12	31	0.281071	0	3
